132,126,104,129,128,127,118,139,112,117,106,115,133,134,137,135,138,125,140,136,121,105,109,107,116,119,111,142,141,113,131,130,108,110,102,103,122,124,120,123,114,151,152,153,161,162,163,164,32,26,4,29,28,27,18,39,12,17,6,15,33,34,37,35,38,25,40,36,21,5,9,7,16,19,11,42,41,13,31,30,8,10,2,3,22,24,20,23,14,51,52,53,61,62,63,64
-1,8.17091,-1,8.15807,6.01964,10.2308,4.47674,8.23077,-1,-1,8.59556,9.0449,-1,7.0952,5.67879,8.17603,-1,7.14573,8.40059,-1,7.62034,5.59936,7.92778,2.69883,4.81928,7.57674,4.96333,-1,-1,8.00365,-1,6.34824,6.44181,-1,4.13443,7.00712,7.58278,-1,-1,-1,-1,-1,7.19016,-1,-1,-1,-1,-1,9.54023,9.52427,-1,-1,-1,-1,-1,-1,-1,-1,-1,8.9781,-1,7.81933,5.56196,-1,-1,-1,-1,-1,-1,-1,-1,-1,-1,-1,-1,-1,-1,-1,-1,6.35647,6.56672,-1,-1,6.68352,-1,-1,-1,-1,-1,-1,-1,-1,-1,-1,-1,-1
8.17091,-1,5.54909,6.69551,5.27321,7.55636,3.70909,7.17818,-1,-1,7.22909,7.3102,6.20457,5.86125,4.91818,6.80364,6.19636,5.53266,6.65579,-1,6.03729,4.58013,5.99444,2.30702,4.06928,6.63023,4.17667,6.25818,6.19664,6.64658,5.14163,5.22353,5.45168,4.06182,3.50328,5.90113,5.72517,-1,-1,-1,-1,-1,5.64918,8.82171,-1,-1,-1,-1,8.23273,7.8699,-1,-1,-1,-1,-1,-1,-1,-1,-1,7.4927,-1,6.41284,4.92219,-1,-1,-1,-1,-1,-1,-1,-1,-1,-1,-1,-1,-1,-1,-1,-1,5.22397,5.34483,-1,2.99459,5.42118,6.10909,-1,-1,-1,-1,-1,-1,-1,-1,-1,-1,-1
-1,5.54909,-1,5.10982,4.36071,-1,3.04651,-1,6.09091,3.69496,5.10667,5.89116,-1,4.631,-1,5.38951,-1,4.72194,4.94065,-1,5.47458,4.125,5.27963,1.80702,3.20181,5.21628,3.47333,-1,-1,-1,-1,-1,4.4931,2.75182,2.63934,4.6946,5.07616,4.15162,2.66061,4.66904,1.93382,7.85354,5.95738,-1,-1,-1,-1,-1,-1,-1,-1,-1,-1,-1,-1,-1,-1,-1,-1,-1,-1,-1,-1,-1,-1,-1,-1,-1,-1,-1,-1,-1,-1,-1,-1,-1,-1,-1,-1,-1,-1,-1,-1,-1,-1,-1,-1,-1,-1,-1,-1,-1,-1,-1,-1,-1
8.15807,6.69551,5.10982,-1,5.25624,7.56406,3.98419,6.96339,7.20383,4.901,7.03827,7.48003,6.29118,5.83542,4.68885,6.80782,6.43178,5.78869,6.82363,5.6614,6.57155,4.41681,6.3228,2.27038,3.87271,6.44676,4.21215,6.42596,6.33361,6.48752,5.44093,5.02329,5.37438,3.66306,3.30699,5.84625,5.93428,-1,3.23794,5.49085,-1,7.78785,5.81198,8.96839,7.41348,8.67554,-1,5.9792,-1,-1,-1,7.54409,6.48502,-1,6.50998,-1,-1,-1,7.43844,7.8203,7.09401,6.70048,5.23128,6.66972,4.85108,5.78286,7.4218,-1,5.49501,5.08319,6.31864,2.03245,4.13894,7.15391,4.60815,7.77704,5.39767,6.80699,-1,-1,-1,-1,3.55408,-1,6.74126,-1,-1,-1,-1,-1,-1,-1,-1,-1,-1,-1
6.01964,5.27321,4.36071,5.25624,-1,5.74107,2.82321,5.61071,5.76786,3.84286,5.57679,5.92517,5.03177,4.71513,4.01964,5.49286,5.0875,4.46734,5.29464,4.87857,4.98393,3.76071,5.18929,1.98929,3.35536,5.58036,3.52857,5.22857,5.21071,5.29041,4.49034,4.08571,4.61964,3.00179,2.74426,4.83745,4.98214,4.27598,2.775,4.72081,1.91429,6.04409,4.8875,6.91429,5.87321,6.44578,-1,-1,-1,-1,-1,5.28643,4.79153,5.22857,-1,6.0375,-1,-1,-1,5.67397,5.33523,5.36846,4.29464,5.20357,4.275,4.71616,5.13214,-1,-1,-1,4.64374,-1,-1,5.60651,3.52143,5.88571,4.17857,5.43114,-1,-1,4.46927,-1,-1,4.63575,-1,-1,3.3625,4.92376,2.39821,-1,-1,-1,6.09286,-1,-1,-1
10.2308,7.55636,-1,7.56406,5.74107,-1,4.77436,-1,-1,-1,8.03111,8.98095,-1,6.69889,5.06061,8.08989,7.1037,6.60804,7.96142,-1,7.41695,5.29487,6.88889,2.64035,4.25,6.9186,4.68333,-1,-1,-1,-1,-1,6.13412,3.7641,3.7623,6.69208,6.81126,-1,-1,-1,-1,-1,-1,-1,-1,-1,-1,-1,-1,-1,-1,-1,6.67458,-1,-1,-1,-1,-1,-1,-1,-1,7.47623,5.58213,7.18462,5.11168,-1,-1,-1,-1,-1,-1,-1,-1,-1,-1,-1,-1,-1,-1,-1,-1,-1,-1,-1,-1,-1,-1,-1,-1,-1,-1,-1,-1,-1,-1,-1
4.47674,3.70909,3.04651,3.98419,2.82321,4.77436,-1,-1,-1,2.7374,4.02667,3.9034,-1,3.38081,-1,-1,3.68519,3.50419,4.20475,3.68421,3.55254,2.40705,3.65185,1.5117,2.25904,3.68372,2.33333,-1,-1,-1,-1,-1,3.23274,1.94767,1.97541,3.60159,3.70199,-1,1.96768,3.34315,-1,4.53701,3.77377,5.2584,4.30467,4.75542,-1,4.11047,-1,-1,-1,4.87638,-1,-1,-1,-1,-1,-1,-1,5.00365,-1,-1,-1,-1,-1,-1,-1,-1,3.48254,2.56026,-1,1.12,2.71875,-1,3.25455,-1,-1,-1,-1,-1,-1,-1,2.30135,-1,4.07393,-1,-1,-1,-1,-1,-1,-1,-1,-1,-1,-1
8.23077,7.17818,-1,6.96339,5.61071,-1,-1,-1,-1,-1,-1,8.31156,6.87421,6.24797,5.21515,7.38577,6.89259,6.26131,7.39169,-1,6.87797,4.77564,6.7463,2.34503,4.12349,6.99767,4.44,6.71282,6.53477,7.23196,5.72639,5.62824,5.9073,3.91453,3.69344,6.39715,6.40728,-1,3.51515,6.26396,1.99265,8.54803,6.31475,9.66925,8.52149,9.10482,-1,-1,-1,-1,-1,-1,6.55763,-1,-1,-1,-1,-1,-1,-1,-1,6.89461,5.53026,7.25275,5.16244,5.87627,7.42155,-1,-1,-1,-1,-1,-1,7.63636,-1,7.86498,5.43322,-1,-1,-1,-1,-1,-1,-1,-1,-1,-1,-1,-1,-1,-1,-1,-1,-1,-1,-1
-1,-1,6.09091,7.20383,5.76786,-1,-1,-1,-1,-1,7.70034,8.04218,-1,6.22214,-1,-1,-1,5.94807,7.27003,-1,6.87205,5.04487,6.5963,2.4269,4.25301,7.30465,4.52667,6.85522,-1,7.08037,5.60515,5.63059,-1,-1,-1,-1,-1,-1,-1,-1,-1,-1,-1,-1,-1,9.23855,-1,-1,-1,-1,-1,-1,-1,-1,-1,-1,-1,-1,-1,-1,-1,-1,-1,-1,-1,-1,-1,-1,-1,-1,-1,-1,-1,-1,-1,-1,-1,-1,-1,-1,-1,-1,-1,-1,-1,-1,-1,-1,-1,-1,-1,-1,-1,-1,-1,-1
-1,-1,3.69496,4.901,3.84286,-1,2.7374,-1,-1,-1,5.12202,5.37143,-1,4.24871,-1,4.3634,4.23873,4.34673,-1,-1,5.0557,3.04244,4.41852,1.65517,2.93634,4.8,3.06101,-1,-1,-1,-1,-1,4.0572,2.51194,2.29836,-1,3.99204,-1,-1,-1,-1,-1,-1,-1,-1,-1,-1,-1,-1,-1,-1,-1,-1,-1,-1,-1,-1,-1,-1,-1,-1,-1,-1,-1,-1,-1,-1,-1,-1,-1,-1,-1,-1,-1,-1,-1,-1,-1,-1,-1,-1,-1,-1,-1,-1,-1,-1,-1,-1,-1,-1,-1,-1,-1,-1,-1
8.59556,7.22909,5.10667,7.03827,5.57679,8.03111,4.02667,-1,7.70034,5.12202,-1,7.94694,6.74714,6.1321,4.97576,7.30712,6.70741,6.25963,7.32344,-1,6.69831,4.36538,6.73704,2.55848,4.31024,6.90698,4.21,6.82667,-1,6.96256,5.58262,5.53882,5.56607,3.84,4.09672,6.38081,6.54305,-1,-1,-1,-1,8.44882,5.94098,9.22481,7.61869,9.11325,-1,6.23111,-1,-1,-1,7.13467,-1,-1,-1,-1,-1,-1,-1,7.94282,-1,6.75594,4.71758,-1,-1,-1,-1,-1,5.91429,4.86971,-1,1.65455,4.30625,-1,4.59091,-1,-1,-1,-1,-1,-1,-1,3.29865,-1,6.73541,-1,-1,-1,-1,-1,-1,-1,-1,-1,-1,-1
9.0449,7.3102,5.89116,7.48003,5.92517,8.98095,3.9034,8.31156,8.04218,5.37143,7.94694,-1,-1,6.71808,5.19864,7.4898,6.8585,6.34694,7.83265,-1,7.11837,5.12789,6.97551,2.32245,4.25306,7.17279,4.49932,7.30748,7.00408,7.27032,5.85944,5.69796,5.97415,3.91429,3.70068,6.63427,7.07755,-1,-1,-1,-1,8.9102,6.79456,10.0776,8.3932,10.0651,-1,6.35646,9.60272,8.66667,-1,7.75176,6.62177,-1,6.87891,-1,-1,-1,8.00816,8.54136,-1,7.34548,5.37823,6.90204,5.37551,6.28299,7.59592,-1,5.60272,5.29524,-1,2.08571,4.46667,7.63365,5.10068,-1,-1,-1,-1,5.97551,5.9415,-1,3.90135,6.36744,7.14014,-1,-1,-1,-1,-1,-1,-1,-1,-1,-1,-1
-1,6.20457,-1,6.29118,5.03177,-1,-1,6.87421,-1,-1,6.74714,-1,-1,5.6738,4.723,6.48539,6.12071,5.49555,6.48539,-1,6.19949,4.3075,6.01271,2.11055,3.75731,6.39136,4.28717,6.22999,5.99746,6.48402,5.15129,4.80686,-1,-1,-1,-1,-1,-1,3.32402,5.31066,-1,7.23888,5.70267,8.1817,-1,7.76506,-1,-1,-1,-1,-1,6.5407,5.59339,-1,-1,-1,-1,-1,-1,-1,6.43444,5.99366,4.6709,5.96061,4.77001,-1,-1,-1,5.22745,-1,-1,-1,-1,6.55146,4.15883,7.06226,5.04574,-1,5.18371,5.25921,-1,-1,-1,-1,-1,-1,-1,-1,-1,-1,-1,-1,-1,-1,-1,-1
7.0952,5.86125,4.631,5.83542,4.71513,6.69889,3.38081,6.24797,6.22214,4.24871,6.1321,6.71808,5.6738,-1,4.50111,5.8679,5.7321,5.22878,6.16679,-1,5.61476,4.10258,5.49446,2.11734,3.60517,5.66273,3.79041,5.69225,5.61919,5.92103,4.8155,4.69225,4.86863,3.36827,3.1941,5.14118,5.30627,4.42509,3.27159,5.17491,1.96827,6.88192,5.29889,7.33875,6.31734,6.91882,-1,-1,6.87528,6.72915,-1,5.97417,5.44576,5.57122,-1,6.64502,-1,-1,6.38745,6.46494,5.84871,5.75646,4.44723,5.73284,4.47675,4.84871,6.10258,-1,4.75867,4.19041,5.41993,-1,-1,6.08708,3.77122,6.5048,-1,5.78819,4.75646,4.62288,4.76605,-1,-1,4.99084,-1,-1,3.54908,5.41697,2.45683,-1,-1,-1,6.30258,-1,-1,-1
5.67879,4.91818,-1,4.68885,4.01964,5.06061,-1,5.21515,-1,-1,4.97576,5.19864,4.723,4.50111,-1,5.09394,4.66667,4.26968,4.86647,-1,-1,2.92727,4.6537,1.83333,3.43373,4.76744,3.4303,4.73333,4.61391,4.76073,4.20601,4.01882,3.85207,2.83939,2.46885,4.49518,3.85455,3.80579,2.69495,4.29746,1.54545,5.38268,4.52424,5.70284,4.98879,5.64217,-1,-1,5.75152,5.01553,-1,4.65628,4.33898,5,-1,5.3,-1,-1,5.21515,5.14355,4.88597,4.67829,3.94813,4.83939,3.86667,4.17031,5.10539,-1,-1,3.37576,4.48325,-1,-1,5.01493,3.2303,5.22121,-1,4.47705,-1,-1,4.21139,-1,-1,4.25199,-1,-1,3.37349,4.5105,2.1303,-1,-1,-1,-1,-1,-1,-1
8.17603,6.80364,5.38951,6.80782,5.49286,8.08989,-1,7.38577,-1,4.3634,7.30712,7.4898,6.48539,5.8679,5.09394,-1,6.07778,5.91792,6.85757,-1,6.41017,5.04808,6.44074,2.27193,3.60843,6.62326,4.34667,6.05618,6.41007,6.5516,5.46781,5.29647,5.76331,3.34457,3.65082,5.95517,6.36755,4.99148,3.17374,5.56142,2.43015,7.82835,6.27213,8.74935,7.45794,8.14096,-1,-1,-1,-1,-1,6.85126,5.62542,6.42697,-1,7.25843,-1,-1,-1,7.33333,7.01938,6.38193,4.76945,6.38202,5.31461,5.53857,6.70492,-1,-1,-1,5.98942,-1,-1,6.69606,4.24242,-1,-1,6.95609,-1,-1,5.48726,-1,-1,5.65685,-1,-1,4.38855,5.77901,-1,-1,-1,-1,-1,-1,-1,-1
-1,6.19636,-1,6.43178,5.0875,7.1037,3.68519,6.89259,-1,4.23873,6.70741,6.8585,6.12071,5.7321,4.66667,6.07778,-1,5.46566,6.74777,-1,6.17966,3.84936,6.13333,-1,3.84036,6.20698,4.17667,5.78148,6.24221,6.28858,5.44635,4.90588,5.38659,3.85185,3.5623,5.73858,5.80795,4.76831,3.3596,5.51168,2.48162,7.51496,6.0459,8.09561,7.05607,7.74217,-1,-1,-1,-1,-1,6.42613,5.47458,6.52222,-1,7.19259,-1,-1,-1,6.93796,6.42189,6.10222,5.07493,6.16667,4.84815,5.377,6.5363,-1,-1,-1,5.98413,-1,-1,6.76391,4.13333,-1,-1,6.27246,-1,-1,5.35682,-1,-1,5.48169,-1,-1,4.34036,5.94144,3.17037,-1,-1,-1,6.60373,-1,-1,-1
7.14573,5.53266,4.72194,5.78869,4.46734,6.60804,3.50419,6.26131,5.94807,4.34673,6.25963,6.34694,5.49555,5.22878,4.26968,5.91792,5.46566,-1,5.58626,5.1206,6.10385,3.933,5.22948,2.02345,3.41374,5.59967,3.69347,5.36516,5.49916,5.70502,4.77039,4.37856,4.75712,3.29816,3.30328,5.16757,5.1943,-1,3.10385,5.23249,2.1474,6.74961,5.36516,7.39196,6.44556,7.11446,-1,4.91792,-1,-1,-1,5.70854,5.21608,-1,-1,6.84422,-1,-1,-1,6.25912,-1,5.75594,4.21943,5.61977,4.75544,4.76565,5.8928,-1,4.80067,4.06365,5.27136,1.43551,3.78559,6.22252,4.0067,6.22111,4.69849,5.62475,-1,-1,-1,-1,2.95,-1,5.70017,-1,-1,-1,-1,-1,-1,-1,-1,-1,-1,-1
8.40059,6.65579,4.94065,6.82363,5.29464,7.96142,4.20475,7.39169,7.27003,-1,7.32344,7.83265,6.48539,6.16679,4.86647,6.85757,6.74777,5.58626,-1,6.03858,6.45104,4.57864,6.59815,2.18421,3.9822,6.81395,4.5549,6.52226,6.61631,6.9863,5.61695,5.40706,5.57002,3.99407,3.57213,5.93842,6.81602,-1,3.17576,5.84467,2.49555,8.04567,5.81009,9.07493,7.75888,8.53133,-1,5.97626,-1,-1,-1,6.95075,6.07797,-1,-1,8.10682,-1,-1,-1,7.79927,-1,6.83281,4.67147,6.5549,5.02374,5.73217,6.9555,-1,5.26113,4.69436,6.38977,2.19288,3.97626,7.21845,4.8635,7.39466,5.0089,6.68363,-1,-1,-1,-1,3.39054,-1,6.24629,-1,-1,-1,-1,-1,-1,-1,-1,-1,-1,-1
-1,-1,-1,5.6614,4.87857,-1,3.68421,-1,-1,-1,-1,-1,-1,-1,-1,-1,-1,5.1206,6.03858,-1,5.62034,3.86859,5.38333,2.26901,3.30422,5.67907,3.95333,5.72308,5.42926,-1,-1,-1,-1,-1,3.29672,-1,4.92715,-1,-1,-1,-1,6.65039,-1,7.50646,-1,-1,-1,-1,-1,-1,-1,-1,-1,-1,-1,-1,-1,-1,-1,-1,-1,-1,-1,-1,-1,-1,-1,-1,-1,-1,-1,-1,-1,6.27273,-1,6.35021,4.36156,-1,-1,-1,-1,-1,-1,-1,-1,-1,-1,-1,-1,-1,-1,-1,-1,-1,-1,-1
7.62034,6.03729,5.47458,6.57155,4.98393,7.41695,3.55254,6.87797,6.87205,5.0557,6.69831,7.11837,6.19949,5.61476,-1,6.41017,6.17966,6.10385,6.45104,5.62034,-1,4.57051,6.15,2.28947,3.79217,6.33488,4.70667,6.47119,6.31655,6.29863,5.41631,5.14588,5.66864,3.3661,3.05738,5.81567,6.27483,-1,3.37778,5.68832,-1,7.77638,6.10492,8.5969,7.05047,8.01928,-1,6.07797,-1,-1,-1,6.4201,-1,-1,5.87119,-1,-1,-1,7.06102,7.12165,6.67389,6.13629,-1,-1,-1,5.21252,6.7377,-1,5.18095,4.37134,-1,1.88136,4.15312,6.69064,4.44242,7.26441,5.41042,6.47006,-1,-1,-1,-1,3.1527,-1,6.39322,-1,-1,-1,-1,-1,-1,-1,-1,-1,-1,-1
5.59936,4.58013,4.125,4.41681,3.76071,5.29487,2.40705,4.77564,5.04487,3.04244,4.36538,5.12789,4.3075,4.10258,2.92727,5.04808,3.84936,3.933,4.57864,3.86859,4.57051,-1,4.53519,1.57602,2.90361,4.43023,2.69551,4.53526,-1,4.5589,3.66953,3.85647,3.54241,2.28205,2.32459,4.04525,4.11538,-1,-1,-1,-1,5.37008,4.375,5.71576,4.88972,5.66386,-1,4.25962,-1,-1,-1,4.66131,-1,-1,3.71154,-1,-1,-1,4.46474,5,-1,4.22029,3.40346,-1,-1,3.6492,5.07728,-1,3.85397,2.9359,-1,1.07372,2.77187,4.83446,3.38485,4.74038,3.60256,-1,-1,-1,3.7931,-1,2.3973,3.87381,4.57692,-1,-1,-1,-1,-1,-1,-1,-1,-1,-1,-1
7.92778,5.99444,5.27963,6.3228,5.18929,6.88889,3.65185,6.7463,6.5963,4.41852,6.73704,6.97551,6.01271,5.49446,4.6537,6.44074,6.13333,5.22948,6.59815,5.38333,6.15,4.53519,-1,2.42963,3.74259,6.05556,4.2037,5.97593,6.08148,6.02466,5.07082,4.97407,5.28889,3.58148,3.48689,5.54504,5.74815,-1,3.19074,5.27107,2.35185,7.37953,5.64815,8.23148,6.45,7.81205,-1,5.85741,-1,-1,-1,6.18894,5.70339,-1,-1,-1,-1,-1,-1,-1,-1,5.97227,4.70926,6.03889,4.74074,5.52984,6.41111,-1,-1,-1,-1,-1,-1,6.48982,-1,6.99259,4.92222,-1,-1,-1,-1,-1,-1,-1,-1,-1,-1,-1,-1,-1,-1,-1,-1,-1,-1,-1
2.69883,2.30702,1.80702,2.27038,1.98929,2.64035,1.5117,2.34503,2.4269,1.65517,2.55848,2.32245,2.11055,2.11734,1.83333,2.27193,-1,2.02345,2.18421,2.26901,2.28947,1.57602,2.42963,-1,1.85673,2.24186,1.63158,2.30117,-1,2.27489,-1,2.07765,1.88955,1.40351,1.25902,2.13783,1.78655,-1,-1,-1,-1,2.45039,2.12281,2.26873,2.42056,2.6,-1,2.36842,-1,-1,-1,2.25226,-1,-1,2.17544,-1,-1,-1,2.50585,2.43674,-1,-1,-1,-1,-1,2.0524,2.2178,-1,1.88304,1.62281,-1,0.622807,1.58187,2.48575,1.60819,2.54386,1.96199,-1,-1,-1,-1,-1,1.22297,-1,2.22807,-1,-1,-1,-1,-1,-1,-1,-1,-1,-1,-1
4.81928,4.06928,3.20181,3.87271,3.35536,4.25,2.25904,4.12349,4.25301,2.93634,4.31024,4.25306,3.75731,3.60517,3.43373,3.60843,3.84036,3.41374,3.9822,3.30422,3.79217,2.90361,3.74259,1.85673,-1,3.99302,2.56928,3.76506,3.80576,3.83379,3.35408,3.62824,3.47337,2.31627,2.07705,3.6393,3.2741,-1,2.21212,3.57462,-1,4.24567,3.4247,5.13695,4.00561,4.41807,-1,3.6506,-1,-1,-1,4.0191,-1,-1,3.44277,-1,-1,-1,4.18675,4.20681,-1,-1,-1,-1,-1,3.32606,3.73068,-1,3.3012,2.73494,-1,1.3494,2.86145,3.94301,2.45783,4.46687,3.18072,-1,-1,-1,-1,-1,2.26622,-1,3.50602,-1,-1,-1,-1,-1,-1,-1,-1,-1,-1,-1
7.57674,6.63023,5.21628,6.44676,5.58036,6.9186,3.68372,6.99767,7.30465,4.8,6.90698,7.17279,6.39136,5.66273,4.76744,6.62326,6.20698,5.59967,6.81395,5.67907,6.33488,4.43023,6.05556,2.24186,3.99302,-1,4.22791,6.14419,6.19535,6.34886,5.33584,4.80465,5.27219,3.75581,3.1918,5.78844,5.94651,-1,3.52323,5.62843,2.3814,7.43937,6.01628,8.27907,6.78505,7.7494,-1,6.00465,-1,-1,-1,6.4392,5.87627,-1,-1,7.18372,-1,-1,-1,6.98175,6.69441,6.32647,4.92093,6.36279,5.10698,5.54294,6.6,4.45116,4.94651,4.46744,6.12346,2.03488,3.88372,6.73677,4.12093,7.0093,5.04419,6.20459,-1,-1,-1,-1,3.45405,-1,6.13953,-1,-1,-1,-1,-1,-1,-1,-1,-1,-1,-1
4.96333,4.17667,3.47333,4.21215,3.52857,4.68333,2.33333,4.44,4.52667,3.06101,4.21,4.49932,4.28717,3.79041,3.4303,4.34667,4.17667,3.69347,4.5549,3.95333,4.70667,2.69551,4.2037,1.63158,2.56928,4.22791,-1,4.07,3.86811,4.24292,3.6191,3.67059,3.42209,2.41333,2.22787,3.85714,3.82781,3.04259,2.05657,3.64873,1.45667,5.56063,4.56393,7.50129,4.63365,5.35542,-1,-1,-1,-1,-1,4.25528,3.72712,-1,3.79333,-1,-1,-1,5.28333,4.79684,4.66705,4.26466,3.18444,4.47667,3.09333,3.71761,4.34895,-1,3.39365,3.07818,-1,1.39667,2.8,4.5441,3.07879,5.01333,3.03909,4.29341,-1,-1,-1,-1,2.23919,-1,4.55667,-1,-1,-1,-1,-1,-1,-1,-1,-1,-1,-1
-1,6.25818,-1,6.42596,5.22857,-1,-1,6.71282,6.85522,-1,6.82667,7.30748,6.22999,5.69225,4.73333,6.05618,5.78148,5.36516,6.52226,5.72308,6.47119,4.53526,5.97593,2.30117,3.76506,6.14419,4.07,-1,6.21103,6.31781,5.43562,4.83765,5.16765,3.52308,3.41967,5.72057,5.79801,-1,3.04646,5.62335,-1,7.07717,5.81311,8.30233,7.03364,7.96386,-1,5.4359,-1,-1,-1,6.34874,5.66441,-1,-1,7.35,-1,-1,-1,-1,6.51197,6.18463,4.66282,-1,-1,5.52547,6.68384,4.53333,5.04127,4.2443,5.38095,1.77818,4.1125,6.57531,3.97879,6.96203,4.86645,6.30938,-1,-1,-1,-1,-1,-1,-1,-1,-1,-1,-1,-1,-1,-1,-1,-1,-1,-1
-1,6.19664,-1,6.33361,5.21071,-1,-1,6.53477,-1,-1,-1,7.00408,5.99746,5.61919,4.61391,6.41007,6.24221,5.49916,6.61631,5.42926,6.31655,-1,6.08148,-1,3.80576,6.19535,3.86811,6.21103,-1,6.20183,5.16309,4.76706,5.01578,-1,-1,5.7855,-1,-1,3.15354,5.59289,-1,7.51811,5.65947,8.7554,7.29159,8.09639,-1,-1,-1,-1,-1,6.46332,5.71525,-1,-1,7.33333,-1,-1,-1,-1,6.26796,-1,-1,-1,-1,5.4032,6.93443,4.26139,4.60192,4.38609,5.96825,1.78417,3.61871,6.80597,3.80096,6.89688,5.16067,6.13074,-1,-1,-1,-1,-1,-1,-1,-1,-1,-1,-1,-1,-1,-1,-1,-1,-1,-1
8.00365,6.64658,-1,6.48752,5.29041,-1,-1,7.23196,7.08037,-1,6.96256,7.27032,6.48402,5.92103,4.76073,6.5516,6.28858,5.70502,6.9863,-1,6.29863,4.5589,6.02466,2.27489,3.83379,6.34886,4.24292,6.31781,6.20183,-1,5.44292,5.00731,5.58356,3.76986,3.34338,5.84625,6.07032,-1,3.23653,5.63744,2.28402,7.92511,5.97352,8.65753,7.45114,8.32694,-1,5.95069,-1,-1,-1,6.58082,6.00091,-1,-1,-1,-1,-1,-1,-1,-1,6.32884,4.79817,6.13333,4.8274,5.26849,6.57352,-1,5.1863,-1,-1,-1,-1,6.86119,4.76347,7.03379,5.18174,6.6411,-1,-1,-1,-1,-1,-1,-1,-1,-1,-1,-1,-1,-1,-1,-1,-1,-1,-1
-1,5.14163,-1,5.44093,4.49034,-1,-1,5.72639,5.60515,-1,5.58262,5.85944,5.15129,4.8155,4.20601,5.46781,5.44635,4.77039,5.61695,-1,5.41631,3.66953,5.07082,-1,3.35408,5.33584,3.6191,5.43562,5.16309,5.44292,-1,4.11588,-1,-1,-1,-1,-1,-1,-1,-1,-1,-1,4.98927,6.99142,-1,-1,-1,-1,-1,-1,-1,-1,-1,-1,-1,-1,-1,-1,-1,-1,5.48927,5.52456,-1,-1,-1,-1,-1,-1,-1,-1,-1,-1,-1,-1,-1,-1,-1,-1,4.51738,4.27682,-1,-1,-1,-1,-1,-1,-1,-1,-1,-1,-1,-1,-1,-1,-1,-1
6.34824,5.22353,-1,5.02329,4.08571,-1,-1,5.62824,5.63059,-1,5.53882,5.69796,4.80686,4.69225,4.01882,5.29647,4.90588,4.37856,5.40706,-1,5.14588,3.85647,4.97407,2.07765,3.62824,4.80465,3.67059,4.83765,4.76706,5.00731,4.11588,-1,4.26035,3.12,2.81148,4.72853,4.65176,-1,-1,-1,-1,6.27874,5.01882,6.40235,5.95701,6.08072,-1,-1,6.40235,6.25825,-1,-1,-1,-1,-1,-1,-1,-1,-1,5.62895,5.40821,4.8748,-1,-1,-1,-1,-1,-1,-1,-1,-1,-1,-1,-1,-1,-1,-1,-1,4.38232,4.04941,-1,-1,-1,4.35271,-1,-1,-1,-1,-1,-1,-1,-1,-1,-1,-1,-1
6.44181,5.45168,4.4931,5.37438,4.61964,6.13412,3.23274,5.9073,-1,4.0572,5.56607,5.97415,-1,4.86863,3.85207,5.76331,5.38659,4.75712,5.57002,-1,5.66864,3.54241,5.28889,1.88955,3.47337,5.27219,3.42209,5.16765,5.01578,5.58356,-1,4.26035,-1,3.30572,2.89344,4.9225,4.8501,4.14991,2.82446,5.01421,2,6.02047,4.87574,7.0572,6.00561,6.62289,-1,-1,6.51282,6.40971,-1,-1,5.03729,-1,-1,-1,-1,-1,-1,5.93431,-1,5.2401,4.07495,5.29191,4.11637,-1,-1,-1,-1,3.81262,-1,-1,-1,-1,-1,-1,-1,-1,-1,-1,4.81409,-1,2.88649,4.71736,5.27416,-1,-1,5.07624,-1,-1,-1,-1,-1,-1,-1,-1
-1,4.06182,2.75182,3.66306,3.00179,3.7641,1.94767,3.91453,-1,2.51194,3.84,3.91429,-1,3.36827,2.83939,3.34457,3.85185,3.29816,3.99407,-1,3.3661,2.28205,3.58148,1.40351,2.31627,3.75581,2.41333,3.52308,-1,3.76986,-1,3.12,3.30572,-1,2.0082,3.29661,3.5,2.99148,2.07677,3.23553,1.52206,4.11811,3.35082,-1,3.91215,4.27349,-1,-1,-1,-1,-1,-1,-1,-1,-1,-1,-1,-1,-1,-1,-1,-1,-1,-1,-1,-1,-1,-1,-1,-1,-1,-1,-1,-1,-1,-1,-1,-1,-1,-1,-1,-1,-1,-1,-1,-1,-1,-1,-1,-1,-1,-1,-1,-1,-1,-1
4.13443,3.50328,2.63934,3.30699,2.74426,3.7623,1.97541,3.69344,-1,2.29836,4.09672,3.70068,-1,3.1941,2.46885,3.65082,3.5623,3.30328,3.57213,3.29672,3.05738,2.32459,3.48689,1.25902,2.07705,3.1918,2.22787,3.41967,-1,3.34338,-1,2.81148,2.89344,2.0082,-1,3.11102,3.18361,2.62951,1.75902,3.11371,1.21311,4.34961,3.69344,-1,3.67049,4.26386,-1,-1,-1,4.14754,-1,3.56985,-1,-1,3.27049,-1,-1,-1,3.50984,3.75791,-1,-1,-1,-1,-1,2.99272,3.22787,-1,2.96885,2.3,-1,1.17049,2.11803,3.73948,2.46885,-1,-1,-1,-1,-1,2.69715,-1,1.83108,2.99761,3.31639,-1,-1,-1,-1,-1,-1,-1,-1,-1,-1,-1
7.00712,5.90113,4.6946,5.84625,4.83745,6.69208,3.60159,6.39715,-1,-1,6.38081,6.63427,-1,5.14118,4.49518,5.95517,5.73858,5.16757,5.93842,-1,5.81567,4.04525,5.54504,2.13783,3.6393,5.78844,3.85714,5.72057,5.7855,5.84625,-1,4.72853,4.9225,3.29661,3.11102,-1,5.36447,4.59489,3.20737,5.21198,2.05362,6.91789,5.48764,7.58819,6.44575,-1,-1,-1,7.19355,6.66318,-1,-1,5.42857,-1,-1,-1,-1,-1,-1,6.61332,-1,5.79975,4.64181,5.74026,4.4956,-1,-1,-1,-1,4.1814,-1,-1,-1,-1,-1,-1,-1,-1,-1,4.8827,4.97193,-1,3.07415,5.02747,5.64013,-1,-1,5.42396,-1,-1,-1,-1,-1,-1,-1,-1
7.58278,5.72517,5.07616,5.93428,4.98214,6.81126,3.70199,6.40728,-1,3.99204,6.54305,7.07755,-1,5.30627,3.85455,6.36755,5.80795,5.1943,6.81602,4.92715,6.27483,4.11538,5.74815,1.78655,3.2741,5.94651,3.82781,5.79801,-1,6.07032,-1,4.65176,4.8501,3.5,3.18361,5.36447,-1,4.35605,2.87879,5.21624,1.9702,7.38268,5.74098,-1,6.80748,7.79036,-1,-1,-1,7.12816,-1,6.49447,-1,-1,6.03311,-1,-1,-1,6.3543,6.9854,-1,-1,-1,-1,-1,5.08442,6.40749,-1,4.60952,3.99349,-1,1.8245,3.44688,6.38535,3.9,-1,-1,-1,-1,-1,5.01949,-1,3.18784,4.97572,5.62252,-1,-1,-1,-1,-1,-1,-1,-1,-1,-1,-1
-1,-1,4.15162,-1,4.27598,-1,-1,-1,-1,-1,-1,-1,-1,4.42509,3.80579,4.99148,4.76831,-1,-1,-1,-1,-1,-1,-1,-1,-1,3.04259,-1,-1,-1,-1,-1,4.14991,2.99148,2.62951,4.59489,4.35605,-1,2.93526,4.62233,1.77683,-1,4.41227,6.13629,-1,-1,-1,-1,-1,-1,-1,-1,-1,-1,-1,-1,-1,-1,-1,-1,-1,-1,-1,-1,-1,-1,-1,-1,-1,-1,-1,-1,-1,-1,-1,-1,-1,-1,-1,-1,-1,-1,-1,-1,-1,-1,-1,-1,-1,-1,-1,-1,-1,-1,-1,-1
-1,-1,2.66061,3.23794,2.775,-1,1.96768,3.51515,-1,-1,-1,-1,3.32402,3.27159,2.69495,3.17374,3.3596,3.10385,3.17576,-1,3.37778,-1,3.19074,-1,2.21212,3.52323,2.05657,3.04646,3.15354,3.23653,-1,-1,2.82446,2.07677,1.75902,3.20737,2.87879,2.93526,-1,3.02538,1.47475,-1,3.02424,3.80606,3.31776,3.74096,-1,-1,-1,-1,-1,-1,3.20678,-1,-1,-1,-1,-1,-1,-1,-1,3.18621,2.75152,3.35354,2.87071,-1,-1,-1,-1,-1,-1,-1,-1,-1,-1,-1,-1,-1,-1,-1,-1,-1,-1,-1,-1,-1,2.15556,3.2453,1.8,-1,-1,-1,-1,-1,-1,-1
-1,-1,4.66904,5.49085,4.72081,-1,3.34315,6.26396,-1,-1,-1,-1,5.31066,5.17491,4.29746,5.56142,5.51168,5.23249,5.84467,-1,5.68832,-1,5.27107,-1,3.57462,5.62843,3.64873,5.62335,5.59289,5.63744,-1,-1,5.01421,3.23553,3.11371,5.21198,5.21624,4.62233,3.02538,-1,2.06497,-1,5.27817,7.31777,6.29442,7.07005,-1,-1,-1,-1,-1,-1,5.31878,-1,-1,-1,-1,-1,-1,-1,-1,5.59984,4.28223,5.67107,4.25888,-1,-1,-1,-1,-1,-1,-1,-1,-1,-1,-1,-1,-1,-1,-1,4.74315,-1,-1,4.80096,-1,-1,3.73604,5.38579,-1,-1,-1,-1,-1,-1,-1,-1
-1,-1,1.93382,-1,1.91429,-1,-1,1.99265,-1,-1,-1,-1,-1,1.96827,1.54545,2.43015,2.48162,2.1474,2.49555,-1,-1,-1,2.35185,-1,-1,2.3814,1.45667,-1,-1,2.28402,-1,-1,2,1.52206,1.21311,2.05362,1.9702,1.77683,1.47475,2.06497,-1,-1,2,2.89147,2.04112,2.5253,-1,-1,-1,-1,-1,-1,2.1322,-1,-1,-1,-1,-1,-1,-1,-1,2.20998,1.8415,-1,1.88971,-1,-1,-1,-1,-1,-1,-1,-1,-1,-1,-1,-1,-1,-1,-1,-1,-1,-1,-1,-1,-1,1.66265,-1,1.17279,-1,-1,-1,-1,-1,-1,-1
-1,-1,7.85354,7.78785,6.04409,-1,4.53701,8.54803,-1,-1,8.44882,8.9102,7.23888,6.88192,5.38268,7.82835,7.51496,6.74961,8.04567,6.65039,7.77638,5.37008,7.37953,2.45039,4.24567,7.43937,5.56063,7.07717,7.51811,7.92511,-1,6.27874,6.02047,4.11811,4.34961,6.91789,7.38268,-1,-1,-1,-1,-1,-1,-1,-1,-1,10.4409,-1,-1,-1,-1,-1,-1,-1,-1,-1,-1,-1,-1,-1,-1,-1,-1,-1,-1,-1,-1,-1,-1,-1,-1,-1,-1,-1,-1,-1,-1,-1,-1,-1,-1,-1,-1,-1,-1,-1,-1,-1,-1,-1,-1,-1,-1,-1,-1,-1
7.19016,5.64918,5.95738,5.81198,4.8875,-1,3.77377,6.31475,-1,-1,5.94098,6.79456,5.70267,5.29889,4.52424,6.27213,6.0459,5.36516,5.81009,-1,6.10492,4.375,5.64815,2.12281,3.4247,6.01628,4.56393,5.81311,5.65947,5.97352,4.98927,5.01882,4.87574,3.35082,3.69344,5.48764,5.74098,4.41227,3.02424,5.27817,2,-1,-1,0,-1,-1,-1,-1,-1,-1,-1,-1,-1,-1,-1,-1,-1,-1,-1,-1,-1,-1,-1,-1,-1,-1,-1,-1,-1,-1,-1,-1,-1,-1,-1,-1,-1,-1,-1,-1,-1,-1,-1,-1,-1,-1,-1,-1,-1,-1,-1,-1,-1,-1,-1,-1
-1,8.82171,-1,8.96839,6.91429,-1,5.2584,9.66925,-1,-1,9.22481,10.0776,8.1817,7.33875,5.70284,8.74935,8.09561,7.39196,9.07493,7.50646,8.5969,5.71576,8.23148,2.26873,5.13695,8.27907,7.50129,8.30233,8.7554,8.65753,6.99142,6.40235,7.0572,-1,-1,7.58819,-1,6.13629,3.80606,7.31777,2.89147,-1,0,-1,0.53271,5.9506,-1,-1,-1,-1,-1,-1,-1,-1,-1,-1,-1,-1,-1,-1,-1,-1,-1,-1,-1,-1,-1,-1,-1,-1,-1,-1,-1,-1,-1,-1,-1,-1,-1,-1,-1,-1,-1,-1,-1,-1,-1,-1,-1,-1,-1,-1,-1,-1,-1,-1
-1,-1,-1,7.41348,5.87321,-1,4.30467,8.52149,-1,-1,7.61869,8.3932,-1,6.31734,4.98879,7.45794,7.05607,6.44556,7.75888,-1,7.05047,4.88972,6.45,2.42056,4.00561,6.78505,4.63365,7.03364,7.29159,7.45114,-1,5.95701,6.00561,3.91215,3.67049,6.44575,6.80748,-1,3.31776,6.29442,2.04112,-1,-1,0.53271,-1,-1,10.329,-1,-1,-1,-1,-1,6.49153,-1,-1,-1,-1,-1,-1,-1,-1,7.11252,-1,-1,5.19439,-1,-1,-1,-1,-1,-1,-1,-1,-1,-1,-1,-1,-1,-1,-1,-1,-1,-1,-1,-1,-1,-1,-1,-1,-1,-1,-1,-1,-1,-1,-1
-1,-1,-1,8.67554,6.44578,-1,4.75542,9.10482,9.23855,-1,9.11325,10.0651,7.76506,6.91882,5.64217,8.14096,7.74217,7.11446,8.53133,-1,8.01928,5.66386,7.81205,2.6,4.41807,7.7494,5.35542,7.96386,8.09639,8.32694,-1,6.08072,6.62289,4.27349,4.26386,-1,7.79036,-1,3.74096,7.07005,2.5253,-1,-1,5.9506,-1,-1,12.1482,-1,-1,-1,-1,-1,-1,-1,-1,-1,-1,-1,-1,-1,-1,-1,-1,-1,-1,-1,-1,-1,-1,-1,-1,-1,-1,-1,-1,-1,-1,-1,-1,-1,-1,-1,-1,-1,-1,-1,-1,-1,-1,-1,-1,-1,-1,-1,-1,-1
-1,-1,-1,-1,-1,-1,-1,-1,-1,-1,-1,-1,-1,-1,-1,-1,-1,-1,-1,-1,-1,-1,-1,-1,-1,-1,-1,-1,-1,-1,-1,-1,-1,-1,-1,-1,-1,-1,-1,-1,-1,10.4409,-1,-1,10.329,12.1482,-1,6.82687,-1,-1,-1,-1,-1,-1,-1,-1,-1,-1,-1,-1,-1,-1,-1,-1,-1,-1,-1,-1,-1,-1,-1,-1,-1,-1,-1,-1,-1,-1,-1,-1,-1,-1,-1,-1,-1,-1,-1,-1,-1,-1,-1,-1,-1,-1,-1,-1
-1,-1,-1,5.9792,-1,-1,4.11047,-1,-1,-1,6.23111,6.35646,-1,-1,-1,-1,-1,4.91792,5.97626,-1,6.07797,4.25962,5.85741,2.36842,3.6506,6.00465,-1,5.4359,-1,5.95069,-1,-1,-1,-1,-1,-1,-1,-1,-1,-1,-1,-1,-1,-1,-1,-1,6.82687,-1,-1,-1,-1,-1,-1,-1,-1,-1,-1,-1,-1,-1,-1,-1,-1,-1,-1,-1,-1,-1,-1,-1,-1,-1,-1,-1,-1,-1,-1,-1,-1,-1,-1,-1,-1,-1,-1,-1,-1,-1,-1,-1,-1,-1,-1,-1,-1,-1
9.54023,8.23273,-1,-1,-1,-1,-1,-1,-1,-1,-1,9.60272,-1,6.87528,5.75152,-1,-1,-1,-1,-1,-1,-1,-1,-1,-1,-1,-1,-1,-1,-1,-1,6.40235,6.51282,-1,-1,7.19355,-1,-1,-1,-1,-1,-1,-1,-1,-1,-1,-1,-1,-1,10.0388,-1,7.88744,7.24915,8.26429,7.70435,9.73462,-1,-1,8.84644,9.24209,-1,7.76862,-1,8.24725,-1,6.88937,8.57143,-1,5.98413,5.89251,7.63139,2.14909,4.6375,8.30122,5.88788,-1,-1,8.06387,-1,-1,6.64318,-1,3.9973,6.69944,7.71206,-1,-1,-1,-1,-1,8.54329,-1,-1,-1,-1,-1
9.52427,7.8699,-1,-1,-1,-1,-1,-1,-1,-1,-1,8.66667,-1,6.72915,5.01553,-1,-1,-1,-1,-1,-1,-1,-1,-1,-1,-1,-1,-1,-1,-1,-1,6.25825,6.40971,-1,4.14754,6.66318,7.12816,-1,-1,-1,-1,-1,-1,-1,-1,-1,-1,-1,10.0388,-1,6.14175,7.38894,6.36102,7.43884,6.86796,9.24854,-1,-1,8.25825,8.46837,7.64994,7.32409,5.23301,7.07573,5.45631,6.50073,8.07961,-1,5.61553,5.58641,6.66314,2.07573,4.48932,8.00543,5.48155,8.29903,5.60583,7.92814,6.18669,6.16699,6.14543,3.08544,3.8973,6.33877,7.06602,-1,-1,-1,-1,-1,8.5301,10.2272,-1,-1,-1,-1
-1,-1,-1,-1,-1,-1,-1,-1,-1,-1,-1,-1,-1,-1,-1,-1,-1,-1,-1,-1,-1,-1,-1,-1,-1,-1,-1,-1,-1,-1,-1,-1,-1,-1,-1,-1,-1,-1,-1,-1,-1,-1,-1,-1,-1,-1,-1,-1,-1,6.14175,-1,4.87839,-1,-1,4.27891,6.12692,6.08197,4.21271,5.75655,6.15085,-1,5.23138,-1,-1,-1,4.51383,5.363,-1,4.20635,3.90228,4.78307,1.66182,3.71563,5.63636,3.55152,-1,-1,5.25948,-1,-1,4.29085,3.08844,2.61892,4.51393,5.35019,4.12218,3.21084,4.88287,2.30579,8.28804,7.2684,-1,-1,-1,-1,-1
-1,-1,-1,7.54409,5.28643,-1,4.87638,-1,-1,-1,7.13467,7.75176,6.5407,5.97417,4.65628,6.85126,6.42613,5.70854,6.95075,-1,6.4201,4.66131,6.18894,2.25226,4.0191,6.4392,4.25528,6.34874,6.46332,6.58082,-1,-1,-1,-1,3.56985,-1,6.49447,-1,-1,-1,-1,-1,-1,-1,-1,-1,-1,-1,7.88744,7.38894,4.87839,-1,5.55678,6.33367,5.84422,7.61608,6.85528,5.21307,7.00804,7.14171,6.56382,6.35975,4.60503,6.10854,4.55578,5.35879,6.81508,4.40503,4.91658,4.27136,6.02814,1.98593,3.76583,6.56482,4.10452,7.22915,4.87739,6.3014,4.95333,5.14573,5.31658,2.57186,3.12362,5.43471,6.22111,-1,3.82312,5.50251,-1,7.66432,7.02915,8.45226,6.68442,8.31859,-1,5.2402
-1,-1,-1,6.48502,4.79153,6.67458,-1,6.55763,-1,-1,-1,6.62177,5.59339,5.44576,4.33898,5.62542,5.47458,5.21608,6.07797,-1,-1,-1,5.70339,-1,-1,5.87627,3.72712,5.66441,5.71525,6.00091,-1,-1,5.03729,-1,-1,5.42857,-1,-1,3.20678,5.31878,2.1322,-1,-1,-1,6.49153,-1,-1,-1,7.24915,6.36102,-1,5.55678,-1,5.8678,5.54068,6.94068,6.12881,4.80847,6.11017,6.42701,5.86089,5.73772,4.42203,5.81525,4.50678,5.18486,6.10678,4.27627,4.50678,4.05085,5.52203,1.67288,3.70847,6.17775,4.22542,6.44068,5.04746,5.88423,4.85501,5.01695,4.84258,2.82712,2.90946,5.01115,5.78644,4.53051,3.52203,5.55912,2.64746,6.71017,6.51695,7.36441,6.47288,7.33423,-1,-1
-1,-1,-1,-1,5.22857,-1,-1,-1,-1,-1,-1,-1,-1,5.57122,5,6.42697,6.52222,-1,-1,-1,-1,-1,-1,-1,-1,-1,-1,-1,-1,-1,-1,-1,-1,-1,-1,-1,-1,-1,-1,-1,-1,-1,-1,-1,-1,-1,-1,-1,8.26429,7.43884,-1,6.33367,5.8678,-1,5.08571,-1,-1,-1,6.79401,6.9927,-1,6.15214,4.22478,6.04945,4.49239,5.38428,6.68384,-1,4.89206,4.10423,5.69312,1.99273,3.64375,6.76391,4.05455,-1,-1,-1,-1,-1,5.22639,2.77857,3.08108,5.31011,5.88327,-1,-1,-1,-1,-1,-1,-1,-1,-1,-1,-1
-1,-1,-1,6.50998,-1,-1,-1,-1,-1,-1,-1,6.87891,-1,-1,-1,-1,-1,-1,-1,-1,5.87119,3.71154,-1,2.17544,3.44277,-1,3.79333,-1,-1,-1,-1,-1,-1,-1,3.27049,-1,6.03311,-1,-1,-1,-1,-1,-1,-1,-1,-1,-1,-1,7.70435,6.86796,4.27891,5.84422,5.54068,5.08571,-1,-1,-1,5.03315,6.35206,6.65815,-1,5.687,-1,-1,4.43655,5.03057,6.51522,4.07006,4.54603,4.52769,5.41623,1.55636,3.58437,6.37585,4.07576,6.4557,-1,6.22355,-1,-1,4.72414,2.66087,3.08108,4.95064,5.80934,-1,3.78614,5.28398,-1,7.32971,6.67749,8.57459,6.65145,7.81267,-1,4.31304
-1,-1,-1,-1,6.0375,-1,-1,-1,-1,-1,-1,-1,-1,6.64502,5.3,7.25843,7.19259,6.84422,8.10682,-1,-1,-1,-1,-1,-1,7.18372,-1,7.35,7.33333,-1,-1,-1,-1,-1,-1,-1,-1,-1,-1,-1,-1,-1,-1,-1,-1,-1,-1,-1,9.73462,9.24854,6.12692,7.61608,6.94068,-1,-1,-1,-1,-1,-1,8.59124,8,7.31933,5.32277,7.57308,5.60385,6.29403,8,-1,-1,4.85016,7.17284,2.16,4.2375,7.93894,5.19091,8.48462,6.01303,7.51796,6.13803,6.07886,6.23088,2.99615,4.0973,6.41282,7.18077,-1,4.94277,6.70939,3,8.98913,8.12987,10.4088,8.60581,10.0013,-1,-1
-1,-1,-1,-1,-1,-1,-1,-1,-1,-1,-1,-1,-1,-1,-1,-1,-1,-1,-1,-1,-1,-1,-1,-1,-1,-1,-1,-1,-1,-1,-1,-1,-1,-1,-1,-1,-1,-1,-1,-1,-1,-1,-1,-1,-1,-1,-1,-1,-1,-1,6.08197,6.85528,6.12881,-1,-1,-1,-1,-1,7.86885,8.11314,-1,7.05784,-1,-1,-1,6.13537,7.56909,-1,5.50476,4.47557,6.58907,2.27869,4.41875,7.63094,4.41818,7.48197,-1,7.14072,5.7289,5.57098,-1,-1,-1,-1,-1,-1,-1,-1,-1,8.66848,-1,9.8232,-1,9.15094,-1,-1
-1,-1,-1,-1,-1,-1,-1,-1,-1,-1,-1,-1,-1,-1,-1,-1,-1,-1,-1,-1,-1,-1,-1,-1,-1,-1,-1,-1,-1,-1,-1,-1,-1,-1,-1,-1,-1,-1,-1,-1,-1,-1,-1,-1,-1,-1,-1,-1,-1,-1,4.21271,5.21307,4.80847,-1,5.03315,-1,-1,-1,5.9116,6.17518,-1,5.17036,-1,5.33149,4.06354,4.81368,-1,-1,4.45028,3.71547,5.08818,1.24862,3.29834,5.54953,3.93646,-1,-1,-1,-1,-1,4.43328,2.5442,3.02838,-1,4.91989,-1,3.1768,-1,-1,-1,-1,-1,-1,-1,-1,-1
-1,-1,-1,7.43844,-1,-1,-1,-1,-1,-1,-1,8.00816,-1,6.38745,5.21515,-1,-1,-1,-1,-1,7.06102,4.46474,-1,2.50585,4.18675,-1,5.28333,-1,-1,-1,-1,-1,-1,-1,3.50984,-1,6.3543,-1,-1,-1,-1,-1,-1,-1,-1,-1,-1,-1,8.84644,8.25825,5.75655,7.00804,6.11017,6.79401,6.35206,-1,7.86885,5.9116,-1,7.9562,7.43444,6.97544,5.68588,6.88764,5.01498,6.2984,7.43091,-1,5.5873,5.26059,6.56085,1.90909,4.35,7.58209,4.74545,8.37079,-1,6.94311,5.74876,5.67192,5.52624,2.93258,3.38784,6.01871,6.98876,-1,-1,-1,-1,8.38768,7.81602,9.25967,-1,9.07143,-1,5.74157
8.9781,7.4927,-1,7.8203,5.67397,-1,5.00365,-1,-1,-1,7.94282,8.54136,-1,6.46494,5.14355,7.33333,6.93796,6.25912,7.79927,-1,7.12165,5,-1,2.43674,4.20681,6.98175,4.79684,-1,-1,-1,-1,5.62895,5.93431,-1,3.75791,6.61332,6.9854,-1,-1,-1,-1,-1,-1,-1,-1,-1,-1,-1,9.24209,8.46837,6.15085,7.14171,6.42701,6.9927,6.65815,8.59124,8.11314,6.17518,7.9562,-1,7.59407,7.14105,5.45499,7.16788,5.20925,5.96229,7.6472,-1,5.4781,5.19708,6.52555,2.07299,4.25669,7.78832,4.70803,8.06569,5.65572,7.27046,5.83813,6.33333,5.66545,3.3163,3.64355,6.05374,6.75426,-1,-1,-1,-1,9.0511,7.89173,9.81387,7.8455,9.88686,-1,5.77616
-1,-1,-1,7.09401,5.33523,-1,-1,-1,-1,-1,-1,-1,6.43444,5.84871,4.88597,7.01938,6.42189,-1,-1,-1,6.67389,-1,-1,-1,-1,6.69441,4.66705,6.51197,6.26796,-1,5.48927,5.40821,-1,-1,-1,-1,-1,-1,-1,-1,-1,-1,-1,-1,-1,-1,-1,-1,-1,7.64994,-1,6.56382,5.86089,-1,-1,8,-1,-1,7.43444,7.59407,-1,6.48415,5.31357,6.56214,5.00684,5.7195,7.00456,-1,5.34778,4.9293,6.27366,2.09236,4.20182,7.04561,4.78335,7.49601,5.30103,6.66567,5.44886,5.49031,-1,-1,-1,-1,-1,-1,-1,-1,-1,8.12657,7.27252,8.8244,-1,8.42189,-1,-1
7.81933,6.41284,-1,6.70048,5.36846,7.47623,-1,6.89461,-1,-1,6.75594,7.34548,5.99366,5.75646,4.67829,6.38193,6.10222,5.75594,6.83281,-1,6.13629,4.22029,5.97227,-1,-1,6.32647,4.26466,6.18463,-1,6.32884,5.52456,4.8748,5.2401,-1,-1,5.79975,-1,-1,3.18621,5.59984,2.20998,-1,-1,-1,7.11252,-1,-1,-1,7.76862,7.32409,5.23138,6.35975,5.73772,6.15214,5.687,7.31933,7.05784,5.17036,6.97544,7.14105,6.48415,-1,4.8645,6.18463,4.93502,5.53566,6.52932,-1,4.93978,4.33281,5.77258,1.87639,3.96672,6.771,4.06973,6.86529,5.01902,6.41601,5.09905,5.25515,5.23059,2.86767,3.45404,5.57166,6.07845,4.78685,4.17987,5.91918,2.78922,7.68067,6.87322,8.19334,6.77734,8.02536,-1,-1
5.56196,4.92219,-1,5.23128,4.29464,5.58213,-1,5.53026,-1,-1,4.71758,5.37823,4.6709,4.44723,3.94813,4.76945,5.07493,4.21943,4.67147,-1,-1,3.40346,4.70926,-1,-1,4.92093,3.18444,4.66282,-1,4.79817,-1,-1,4.07495,-1,-1,4.64181,-1,-1,2.75152,4.28223,1.8415,-1,-1,-1,-1,-1,-1,-1,-1,5.23301,-1,4.60503,4.42203,4.22478,-1,5.32277,-1,-1,5.68588,5.45499,5.31357,4.8645,-1,4.95677,3.50432,4.19214,5.24356,-1,-1,3.65994,4.49383,1.41499,3.44092,5.06242,2.9683,5.66859,3.88184,4.71457,4.05462,4.10663,4.07046,2.5562,2.73243,4.22572,4.26801,3.6485,3.52161,4.63094,2.04323,5.77717,5.21212,5.87569,5.31535,5.68733,-1,-1
-1,-1,-1,6.66972,5.20357,7.18462,-1,7.25275,-1,-1,-1,6.90204,5.96061,5.73284,4.83939,6.38202,6.16667,5.61977,6.5549,-1,-1,-1,6.03889,-1,-1,6.36279,4.47667,-1,-1,6.13333,-1,-1,5.29191,-1,-1,5.74026,-1,-1,3.35354,5.67107,-1,-1,-1,-1,-1,-1,-1,-1,8.24725,7.07573,-1,6.10854,5.81525,6.04945,-1,7.57308,-1,5.33149,6.88764,7.16788,6.56214,6.18463,4.95677,-1,4.78173,5.11936,6.57611,-1,5.19365,4.31922,5.60141,1.58909,4.0125,6.77069,4.38182,6.66667,5.34202,6.30539,5.0288,5.16088,5.4063,3.17033,3.43514,5.50318,6.10506,4.66917,3.88253,5.95028,2.96281,7.35688,6.76407,7.81768,6.98963,7.64286,-1,-1
-1,-1,-1,4.85108,4.275,5.11168,-1,5.16244,-1,-1,-1,5.37551,4.77001,4.47675,3.86667,5.31461,4.84815,4.75544,5.02374,-1,-1,-1,4.74074,-1,-1,5.10698,3.09333,-1,-1,4.8274,-1,-1,4.11637,-1,-1,4.4956,-1,-1,2.87071,4.25888,1.88971,-1,-1,-1,5.19439,-1,-1,-1,-1,5.45631,-1,4.55578,4.50678,4.49239,4.43655,5.60385,-1,4.06354,5.01498,5.20925,5.00684,4.93502,3.50432,4.78173,-1,4.26201,5.21311,-1,4.12698,3.57003,4.73545,-1,3.45625,4.93623,3.36364,5.31224,4.45603,4.72156,4.09533,4.55205,4.24438,2.51269,2.61216,4.36146,4.6965,3.65414,3.13855,4.70497,2.26446,5.59058,5.22511,5.45028,5.14315,5.83019,-1,-1
-1,-1,-1,5.78286,4.71616,-1,-1,5.87627,-1,-1,-1,6.28299,-1,4.84871,4.17031,5.53857,5.377,4.76565,5.73217,-1,5.21252,3.6492,5.52984,2.0524,3.32606,5.54294,3.71761,5.52547,5.4032,5.26849,-1,-1,-1,-1,2.99272,-1,5.08442,-1,-1,-1,-1,-1,-1,-1,-1,-1,-1,-1,6.88937,6.50073,4.51383,5.35879,5.18486,5.38428,5.03057,6.29403,6.13537,4.81368,6.2984,5.96229,5.7195,5.53566,4.19214,5.11936,4.26201,-1,5.93013,4.05822,4.49636,3.78894,4.88937,1.39156,3.73508,5.97965,3.71325,6.21689,4.56041,5.50399,4.6713,4.23872,4.4556,2.70306,2.80405,4.78623,5.22707,-1,3.66812,4.84309,2.47598,6.62009,5.86608,7.15138,5.9607,6.88814,-1,4.60844
-1,-1,-1,7.4218,5.13214,-1,-1,7.42155,-1,-1,-1,7.59592,-1,6.10258,5.10539,6.70492,6.5363,5.8928,6.9555,-1,6.7377,5.07728,6.41111,2.2178,3.73068,6.6,4.34895,6.68384,6.93443,6.57352,-1,-1,-1,-1,3.22787,-1,6.40749,-1,-1,-1,-1,-1,-1,-1,-1,-1,-1,-1,8.57143,8.07961,5.363,6.81508,6.10678,6.68384,6.51522,8,7.56909,-1,7.43091,7.6472,7.00456,6.52932,5.24356,6.57611,5.21311,5.93013,-1,4.79859,5.24356,4.7541,6.49383,1.92037,4.52693,7.31208,4.49415,7.64637,5.19204,6.74651,5.35154,5.36066,5.52324,3.02342,3.66892,5.76752,6.26932,-1,4.11241,6.04751,2.87119,8.28623,7.36147,8.41218,7.91494,8.8504,-1,5.4356
-1,-1,-1,-1,-1,-1,-1,-1,-1,-1,-1,-1,-1,-1,-1,-1,-1,-1,-1,-1,-1,-1,-1,-1,-1,4.45116,-1,4.53333,4.26139,-1,-1,-1,-1,-1,-1,-1,-1,-1,-1,-1,-1,-1,-1,-1,-1,-1,-1,-1,-1,-1,-1,4.40503,4.27627,-1,4.07006,-1,-1,-1,-1,-1,-1,-1,-1,-1,-1,4.05822,4.79859,-1,4.06984,3.22801,4.4515,1.15273,3.18438,4.89688,3.21515,5.08439,3.83713,-1,-1,-1,-1,-1,2.38649,4.0215,4.51751,-1,-1,-1,-1,5.18116,-1,5.87569,-1,-1,-1,-1
-1,-1,-1,5.49501,-1,-1,3.48254,-1,-1,-1,5.91429,5.60272,5.22745,4.75867,-1,-1,-1,4.80067,5.26113,-1,5.18095,3.85397,-1,1.88304,3.3012,4.94651,3.39365,5.04127,4.60192,5.1863,-1,-1,-1,-1,2.96885,-1,4.60952,-1,-1,-1,-1,-1,-1,-1,-1,-1,-1,-1,5.98413,5.61553,4.20635,4.91658,4.50678,4.89206,4.54603,-1,5.50476,4.45028,5.5873,5.4781,5.34778,4.93978,-1,5.19365,4.12698,4.49636,5.24356,4.06984,-1,3.68889,4.86596,1.54921,3.28437,5.56038,3.61212,5.68889,4.1619,5.14072,4.37239,4.13249,4.43028,2.68889,2.47568,4.58519,4.96825,-1,3.38855,4.66298,-1,5.85507,5.48701,6.5,5.32988,6.25741,-1,4.65714
-1,-1,-1,5.08319,-1,-1,2.56026,-1,-1,-1,4.86971,5.29524,-1,4.19041,3.37576,-1,-1,4.06365,4.69436,-1,4.37134,2.9359,-1,1.62281,2.73494,4.46744,3.07818,4.2443,4.38609,-1,-1,-1,3.81262,-1,2.3,4.1814,3.99349,-1,-1,-1,-1,-1,-1,-1,-1,-1,-1,-1,5.89251,5.58641,3.90228,4.27136,4.05085,4.10423,4.52769,4.85016,4.47557,3.71547,5.26059,5.19708,4.9293,4.33281,3.65994,4.31922,3.57003,3.78894,4.7541,3.22801,3.68889,-1,4.08818,1.26059,2.9625,4.65265,2.95152,4.81759,-1,4.64072,3.47865,3.99054,3.77061,1.96091,2.52027,3.98885,3.93485,-1,-1,-1,-1,5.63406,5.12121,5.45028,-1,5.69137,-1,3.65472
-1,-1,-1,6.31864,4.64374,-1,-1,-1,-1,-1,-1,-1,-1,5.41993,4.48325,5.98942,5.98413,5.27136,6.38977,-1,-1,-1,-1,-1,-1,6.12346,-1,5.38095,5.96825,-1,-1,-1,-1,-1,-1,-1,-1,-1,-1,-1,-1,-1,-1,-1,-1,-1,-1,-1,7.63139,6.66314,4.78307,6.02814,5.52203,5.69312,5.41623,7.17284,6.58907,5.08818,6.56085,6.52555,6.27366,5.77258,4.49383,5.60141,4.73545,4.88937,6.49383,4.4515,4.86596,4.08818,-1,1.67549,3.61023,6.38806,4.0776,6.40741,4.51146,5.8992,4.78153,4.61023,5.15442,2.80247,3.17432,5.1664,5.88007,-1,3.73016,5.21989,2.73898,7.22928,6.40741,7.30864,6.4515,7.47978,-1,4.8836
-1,-1,-1,2.03245,-1,-1,1.12,-1,-1,-1,1.65455,2.08571,-1,-1,-1,-1,-1,1.43551,2.19288,-1,1.88136,1.07372,-1,0.622807,1.3494,2.03488,1.39667,1.77818,1.78417,-1,-1,-1,-1,-1,1.17049,-1,1.8245,-1,-1,-1,-1,-1,-1,-1,-1,-1,-1,-1,2.14909,2.07573,1.66182,1.98593,1.67288,1.99273,1.55636,2.16,2.27869,1.24862,1.90909,2.07299,2.09236,1.87639,1.41499,1.58909,-1,1.39156,1.92037,1.15273,1.54921,1.26059,1.67549,-1,1.15625,1.96608,1.23939,2.41091,-1,1.92615,1.53724,1.4511,1.74963,0.836364,0.897297,1.54459,1.95273,-1,-1,-1,-1,2.04167,1.65801,2.29006,2.39627,2.53235,-1,1.85091
-1,-1,-1,4.13894,-1,-1,2.71875,-1,-1,-1,4.30625,4.46667,-1,-1,-1,-1,-1,3.78559,3.97626,-1,4.15312,2.77187,-1,1.58187,2.86145,3.88372,2.8,4.1125,3.61871,-1,-1,-1,-1,-1,2.11803,-1,3.44688,-1,-1,-1,-1,-1,-1,-1,-1,-1,-1,-1,4.6375,4.48932,3.71563,3.76583,3.70847,3.64375,3.58437,4.2375,4.41875,3.29834,4.35,4.25669,4.20182,3.96672,3.44092,4.0125,3.45625,3.73508,4.52693,3.18438,3.28437,2.9625,3.61023,1.15625,-1,4.17775,2.71818,4.26562,3.4125,3.94012,3.42205,3.525,3.32384,2.45,2.00405,3.52986,3.97813,-1,2.81325,3.95359,2.00312,4.60145,4.15801,4.89779,4.10166,4.44474,-1,3.775
-1,-1,-1,7.15391,5.60651,-1,-1,7.63636,-1,-1,-1,7.63365,6.55146,6.08708,5.01493,6.69606,6.76391,6.22252,7.21845,6.27273,6.69064,4.83446,6.48982,2.48575,3.94301,6.73677,4.5441,6.57531,6.80597,6.86119,-1,-1,-1,-1,3.73948,-1,6.38535,-1,-1,-1,-1,-1,-1,-1,-1,-1,-1,-1,8.30122,8.00543,5.63636,6.56482,6.17775,6.76391,6.37585,7.93894,7.63094,5.54953,7.58209,7.78832,7.04561,6.771,5.06242,6.77069,4.93623,5.97965,7.31208,4.89688,5.56038,4.65265,6.38806,1.96608,4.17775,-1,4.59973,7.83989,5.2673,6.77246,5.69315,5.58345,5.68928,2.86567,3.7027,5.78782,6.18182,-1,4.29037,6.30718,2.91995,8.08141,7.23745,8.96336,7.35821,8.83154,-1,5.54003
-1,-1,-1,4.60815,3.52143,-1,3.25455,-1,-1,-1,4.59091,5.10068,4.15883,3.77122,3.2303,4.24242,4.13333,4.0067,4.8635,-1,4.44242,3.38485,-1,1.60819,2.45783,4.12093,3.07879,3.97879,3.80096,4.76347,-1,-1,-1,-1,2.46885,-1,3.9,-1,-1,-1,-1,-1,-1,-1,-1,-1,-1,-1,5.88788,5.48155,3.55152,4.10452,4.22542,4.05455,4.07576,5.19091,4.41818,3.93646,4.74545,4.70803,4.78335,4.06973,2.9683,4.38182,3.36364,3.71325,4.49415,3.21515,3.61212,2.95152,4.0776,1.23939,2.71818,4.59973,-1,4.62424,3.42424,4.62575,3.33267,3.45455,3.73313,1.86364,2.15135,3.70621,4.22424,3.1015,2.42771,4.16464,1.59091,7.08152,6.17965,8.44751,5.06639,5.7345,-1,-1
