132,126,104,129,128,127,118,139,112,117,106,115,133,134,137,135,138,125,140,136,121,105,109,107,116,119,111,142,141,113,131,130,108,110,102,103,122,124,120,123,114,151,152,153,161,162,163,164,32,26,4,29,28,27,18,39,12,17,6,15,33,34,37,35,38,25,40,36,21,5,9,7,16,19,11,42,41,13,31,30,8,10,2,3,22,24,20,23,14,51,52,53,61,62,63,64
-1,38.3158,-1,64.5235,61.2819,55.1779,76.9622,49.2673,-1,-1,57.3559,38.8151,-1,60.5101,70.3241,62.8932,-1,67.0419,55.318,-1,79.8793,73.3377,78.4512,76.6518,90.5512,69.2995,51.45,-1,-1,57.7755,-1,49.5312,58.6974,-1,60.1736,51.7949,54.7199,-1,-1,-1,-1,-1,67.7999,-1,-1,-1,-1,-1,95.3779,104.22,-1,-1,-1,-1,-1,-1,-1,-1,-1,103.335,-1,105.123,106.887,-1,-1,-1,-1,-1,-1,-1,-1,-1,-1,-1,-1,-1,-1,-1,-1,105.616,114.16,-1,-1,117.157,-1,-1,-1,-1,-1,-1,-1,-1,-1,-1,-1,-1
38.3158,-1,55.1508,72.8877,59.5715,54.7831,90.0151,59.1711,-1,-1,66.49,47.3508,59.2368,54.9323,66.8228,59.5855,63.9566,80.9881,65.9172,-1,94.4942,82.5623,94.5475,94.8737,105.149,82.2231,54.0683,65.8603,73.6578,73.3081,61.4707,49.0302,54.5066,51.3417,64.952,48.1394,50.2514,-1,-1,-1,-1,-1,67.84,42.4053,-1,-1,-1,-1,99.3802,105.948,-1,-1,-1,-1,-1,-1,-1,-1,-1,109.561,-1,106.878,109.138,-1,-1,-1,-1,-1,-1,-1,-1,-1,-1,-1,-1,-1,-1,-1,-1,107.628,117.249,-1,130.916,119.966,109.494,-1,-1,-1,-1,-1,-1,-1,-1,-1,-1,-1
-1,55.1508,-1,75.4761,82.6088,-1,59.1263,-1,61.2634,48.3753,32.8052,37.3364,-1,86.6347,-1,89.1263,-1,74.9881,77.6329,-1,67.9354,48.8351,66.5164,60.7679,76.5661,69.7805,53.7213,-1,-1,-1,-1,-1,67.3123,64.1432,43.7731,56.6941,65.6666,91.6297,102.929,96.163,98.1156,41.8368,73.6041,-1,-1,-1,-1,-1,-1,-1,-1,-1,-1,-1,-1,-1,-1,-1,-1,-1,-1,-1,-1,-1,-1,-1,-1,-1,-1,-1,-1,-1,-1,-1,-1,-1,-1,-1,-1,-1,-1,-1,-1,-1,-1,-1,-1,-1,-1,-1,-1,-1,-1,-1,-1,-1
64.5235,72.8877,75.4761,-1,75.0632,69.4836,58.1556,62.2019,67.6151,79.9359,76.3577,70.166,64.0466,86.4606,87.7873,77.8029,80.0174,57.4286,55.2537,57.0688,64.1017,82.1127,69.2789,76.9169,69.606,63.8505,85.0783,58.6541,54.2321,61.8129,76.0212,75.1583,99.6368,96.5427,93.6043,92.6854,92.1679,-1,114.872,106.309,-1,66.5797,85.8203,66.9048,49.5465,64.4639,-1,67.6165,-1,-1,-1,57.0857,83.7832,-1,62.6735,-1,-1,-1,92.7603,87.1402,82.9206,98.3217,99.1769,94.4562,95.7379,78.3584,75.8083,-1,79.487,85.897,81.4096,80.2709,88.4881,80.6358,104.453,81.1577,79.1809,79.7179,-1,-1,-1,-1,112.416,-1,107.477,-1,-1,-1,-1,-1,-1,-1,-1,-1,-1,-1
61.2819,59.5715,82.6088,75.0632,-1,37.2866,106.833,76.1355,105.948,58.3337,94.562,73.0117,61.743,51.8172,50.0719,38.0002,47.5313,95.894,71.2823,97.2911,111.041,109.195,114.647,114.989,120.377,103.606,64.6238,68.253,73.6785,92.8723,62.0858,68.3938,66.1738,65.8125,90.0808,70.3296,54.7014,54.5275,63.1202,56.7259,67.8288,73.1022,59.3358,56.0392,78.7281,74.196,-1,-1,-1,-1,-1,84.9623,70.8517,57.7762,-1,92.3623,-1,-1,-1,98.5472,89.637,89.8839,91.3576,82.3256,90.1228,112.062,94.4023,-1,-1,-1,123.203,-1,-1,115.227,92.8278,90.5501,93.9125,108.349,-1,-1,99.9911,-1,-1,103.807,-1,-1,99.8225,97.7637,108.966,-1,-1,-1,92.7487,-1,-1,-1
55.1779,54.7831,-1,69.4836,37.2866,-1,97.2345,-1,-1,-1,85.2035,65.6472,-1,55.4322,55.3703,44.01,52.6341,92.4708,70.6676,-1,104.63,100.731,107.243,107.479,115.43,99.9513,52.0707,-1,-1,-1,-1,-1,62.0636,59.8151,77.4193,65.4611,51.7921,-1,-1,-1,-1,-1,-1,-1,-1,-1,-1,-1,-1,-1,-1,-1,55.5525,-1,-1,-1,-1,-1,-1,-1,-1,73.5124,76.5588,67.7547,73.7176,-1,-1,-1,-1,-1,-1,-1,-1,-1,-1,-1,-1,-1,-1,-1,-1,-1,-1,-1,-1,-1,-1,-1,-1,-1,-1,-1,-1,-1,-1,-1
76.9622,90.0151,59.1263,58.1556,106.833,97.2345,-1,-1,-1,91.4604,48.5669,65.9796,-1,115.014,-1,-1,113.075,59.3037,77.5098,60.0361,34.3054,45.075,37.6038,37.902,43.8875,53.3112,95.2697,-1,-1,-1,-1,-1,107.509,105.587,83.3862,98.124,109.414,-1,142.577,134.77,-1,70.9114,108.069,77.3051,31.8954,51.7162,-1,29.4264,-1,-1,-1,54.2777,-1,-1,-1,-1,-1,-1,-1,79.2638,-1,-1,-1,-1,-1,-1,-1,-1,49.8595,56.823,-1,48.2536,60.0236,-1,110.893,-1,-1,-1,-1,-1,-1,-1,102.068,-1,124.363,-1,-1,-1,-1,-1,-1,-1,-1,-1,-1,-1
49.2673,59.1711,-1,62.2019,76.1355,-1,-1,-1,-1,-1,-1,63.0616,44.2337,72.1703,79.775,75.3358,73.3631,53.0123,37.319,-1,78.2579,89.873,79.6549,91.9041,88.7908,61.8829,83.3611,46.5999,52.2483,51.8095,57.9936,52.2691,89.7036,86.9926,91.6615,82.5126,86.9491,-1,110.61,100.839,112.277,62.6294,87.5341,62.2803,59.8909,63.247,-1,-1,-1,-1,-1,-1,97.0278,-1,-1,-1,-1,-1,-1,-1,-1,113.285,114.376,107.22,110.639,101.268,96.4168,-1,-1,-1,-1,-1,-1,104.863,-1,99.1267,97.5165,-1,-1,-1,-1,-1,-1,-1,-1,-1,-1,-1,-1,-1,-1,-1,-1,-1,-1,-1
-1,-1,61.2634,67.6151,105.948,-1,-1,-1,-1,-1,53.4158,63.1198,-1,108.664,-1,-1,-1,54.3358,72.3322,-1,41.4254,55.3443,36.6722,49.1669,48.9561,43.4896,93.2581,84.9491,-1,44.6684,98.3301,83.8885,-1,-1,-1,-1,-1,-1,-1,-1,-1,-1,-1,-1,-1,50.1375,-1,-1,-1,-1,-1,-1,-1,-1,-1,-1,-1,-1,-1,-1,-1,-1,-1,-1,-1,-1,-1,-1,-1,-1,-1,-1,-1,-1,-1,-1,-1,-1,-1,-1,-1,-1,-1,-1,-1,-1,-1,-1,-1,-1,-1,-1,-1,-1,-1,-1
-1,-1,48.3753,79.9359,58.3337,-1,91.4604,-1,-1,-1,65.0879,50.8982,-1,68.1647,-1,64.4154,74.6344,89.1907,-1,-1,95.9745,79.4367,95.1872,92.436,109.087,90.3457,39.919,-1,-1,-1,-1,-1,50.9034,45.6968,55.0532,-1,44.8381,-1,-1,-1,-1,-1,-1,-1,-1,-1,-1,-1,-1,-1,-1,-1,-1,-1,-1,-1,-1,-1,-1,-1,-1,-1,-1,-1,-1,-1,-1,-1,-1,-1,-1,-1,-1,-1,-1,-1,-1,-1,-1,-1,-1,-1,-1,-1,-1,-1,-1,-1,-1,-1,-1,-1,-1,-1,-1,-1
57.3559,66.49,32.8052,76.3577,94.562,85.2035,48.5669,-1,53.4158,65.0879,-1,42.9314,87.5963,96.6495,108.08,99.9415,102.517,71.9747,82.008,-1,61.4697,43.8408,60.3168,52.9018,69.5367,64.6973,64.9245,89.6527,-1,66.5963,96.771,85.5959,76.1083,74.6122,49.9539,67.191,78.0495,-1,-1,-1,-1,55.817,87.3142,56.3084,50.5706,33.8396,-1,42.7934,-1,-1,-1,86.5737,-1,-1,-1,-1,-1,-1,-1,112.08,-1,130.625,133.782,-1,-1,-1,-1,-1,90.221,100.897,-1,89.1391,101.266,-1,126.432,-1,-1,-1,-1,-1,-1,-1,132.396,-1,131.249,-1,-1,-1,-1,-1,-1,-1,-1,-1,-1,-1
38.8151,47.3508,37.3364,70.166,73.0117,65.6472,65.9796,63.0616,63.1198,50.8982,42.9314,-1,-1,74.199,85.8505,76.9202,82.4343,69.3381,66.7046,-1,70.6797,60.9944,70.8778,67.2117,79.7608,67.3414,50.4409,72.1845,74.542,61.0423,75.6361,64.6832,62.1466,57.138,52.0953,53.919,60.0969,-1,-1,-1,-1,45.9744,70.1872,39.9061,48.597,33.5471,-1,49.0183,102.381,111.597,-1,82.5397,95.6427,-1,82.1499,-1,-1,-1,112.291,107.945,-1,114.323,115.237,107.253,113.133,107.218,104.643,-1,102.348,105.482,-1,100.455,110.628,110.448,112.083,-1,-1,-1,-1,111.846,122.543,-1,126.83,122.543,115.479,-1,-1,-1,-1,-1,-1,-1,-1,-1,-1,-1
-1,59.2368,-1,64.0466,61.743,-1,-1,44.2337,-1,-1,87.5963,-1,-1,62.9602,65.2303,59.0569,56.8002,67.9559,44.8943,-1,88.9058,98.295,92.3299,104.124,98.325,76.4499,78.2138,42.664,49.0898,66.5059,50.3305,55.0392,-1,-1,-1,-1,-1,-1,99.7193,89.61,-1,65.4142,80.7215,61.6713,-1,67.4918,-1,-1,-1,-1,-1,76.9634,89.4084,-1,-1,-1,-1,-1,-1,-1,97.7978,107.858,109.003,100.637,105.167,-1,-1,-1,108.205,-1,-1,-1,-1,107.514,112.697,96.5891,96.7355,-1,104.096,105.395,-1,-1,-1,-1,-1,-1,-1,-1,-1,-1,-1,-1,-1,-1,-1,-1
60.5101,54.9323,86.6347,86.4606,51.8172,55.4322,115.014,72.1703,108.664,68.1647,96.6495,74.199,62.9602,-1,53.636,44.667,51.1311,98.9954,73.8549,-1,117.102,113.111,117.807,121.699,128.611,104.833,73.1499,70.5839,80.4543,91.9341,57.3461,58.2141,67.1472,67.2328,92.4939,67.3763,59.6129,66.9749,73.9195,62.6751,74.2414,77.6108,75.786,65.2353,87.1154,79.0732,-1,-1,105.895,109.658,-1,96.7046,91.3743,77.0387,-1,108.645,-1,-1,133.556,116.934,107.779,109.119,111.483,102.095,108.762,125.676,110.224,-1,133.854,136.938,136.656,-1,-1,128.673,112.587,108.083,-1,124.252,111.612,112.063,120.04,-1,-1,124.148,-1,-1,118.99,118.368,128.745,-1,-1,-1,106.336,-1,-1,-1
70.3241,66.8228,-1,87.7873,50.0719,55.3703,-1,79.775,-1,-1,108.08,85.8505,65.2303,53.636,-1,36.3453,39.8504,104.526,78.6368,-1,-1,122.799,123.149,129.98,133.104,113.909,81.6833,71.4418,78.954,101.375,60.5125,75.6743,79.4921,79.1047,105.358,82.1738,69.9721,69.3274,71.2064,65.6054,79.2508,84.4053,78.0016,71.5624,91.6718,88.8592,-1,-1,105.569,110.107,-1,101.195,90.8692,77.0887,-1,109.157,-1,-1,134.497,116.728,108.406,110.557,111.508,102.56,109.862,128.462,111.419,-1,-1,141.397,139.324,-1,-1,130.902,113.105,109.281,-1,125.483,-1,-1,120.426,-1,-1,125.848,-1,-1,120.131,118.542,128.77,-1,-1,-1,-1,-1,-1,-1
62.8932,59.5855,89.1263,77.8029,38.0002,44.01,-1,75.3358,-1,64.4154,99.9415,76.9202,59.0569,44.667,36.3453,-1,33.0411,97.4498,71.5248,-1,114.708,114.312,117.61,120.942,126.557,106.162,72.6731,63.8738,72.2804,95.4508,55.0462,68.6388,70.2381,69.4207,93.0861,72.9347,59.9439,57.3262,63.7074,54.8943,69.1133,76.5067,67.8319,63.6183,84.6565,80.1661,-1,-1,-1,-1,-1,88.9843,79.9119,64.536,-1,98.2108,-1,-1,-1,105.868,96.716,98.2847,100.485,90.6999,98.1708,118.142,100.586,-1,-1,-1,128.518,-1,-1,120.185,101.38,-1,-1,114.915,-1,-1,107.525,-1,-1,112.538,-1,-1,108.07,106.161,-1,-1,-1,-1,-1,-1,-1,-1
-1,63.9566,-1,80.0174,47.5313,52.6341,113.075,73.3631,-1,74.6344,102.517,82.4343,56.8002,51.1311,39.8504,33.0411,-1,97.7281,69.0389,-1,113.935,119.96,116.3,-1,125.173,104.768,80.4794,59.6266,69.53,94.5252,53.1099,71.1598,80.6476,79.8672,100.587,80.6281,71.3363,70.8662,77.0816,69.3552,82.548,79.3703,76.3212,68.9111,85.9241,84.2427,-1,-1,-1,-1,-1,92.0144,86.8584,74.1759,-1,104.164,-1,-1,-1,112.711,103.012,106.107,108.108,98.2972,105.034,119.992,104.873,-1,-1,-1,129.568,-1,-1,121.766,110.694,-1,-1,118.312,-1,-1,116.436,-1,-1,121.073,-1,-1,116.499,115.211,125.837,-1,-1,-1,100.207,-1,-1,-1
67.0419,80.9881,74.9881,57.4286,95.894,92.4708,59.3037,53.0123,54.3358,89.1907,71.9747,69.3381,67.9559,98.9954,104.526,97.4498,97.7281,-1,52.4635,44.726,52.2273,73.0971,55.0965,71.1172,58.05,48.6355,94.5303,61.0411,55.2531,50.3986,83.3106,77.0207,107.703,104.705,96.9056,99.1929,103.964,-1,133.654,123.315,131.251,68.6506,103.536,74.0277,53.3852,61.7946,-1,67.3114,-1,-1,-1,71.4965,108.683,-1,-1,96.5417,-1,-1,-1,105.062,-1,121.526,124.388,116.52,118.475,91.3365,93.7112,-1,84.0496,91.95,87.771,86.0001,92.2483,92.4566,126.899,102.059,97.4684,95.0622,-1,-1,-1,-1,131.701,-1,131.594,-1,-1,-1,-1,-1,-1,-1,-1,-1,-1,-1
55.318,65.9172,77.6329,55.2537,71.2823,70.6676,77.5098,37.319,72.3322,-1,82.008,66.7046,44.8943,73.8549,78.6368,71.5248,69.0389,52.4635,-1,49.2749,75.1668,89.986,78.301,92.9541,80.8092,64.1972,82.3576,35.0324,37.3707,57.9583,60.384,61.8118,95.1079,91.5242,94.1639,86.6308,89.3753,-1,110.98,101.189,114.713,64.2677,87.0802,65.0342,58.0694,64.8785,-1,76.8842,-1,-1,-1,70.7421,92.0937,-1,-1,92.0025,-1,-1,-1,103.457,-1,108.219,109.605,102.385,106,95.9569,91.5343,-1,97.4397,105.888,99.7475,99.9445,106.027,98.6883,113.109,94.5581,92.0867,99.2919,-1,-1,-1,-1,129.095,-1,117.724,-1,-1,-1,-1,-1,-1,-1,-1,-1,-1,-1
-1,-1,-1,57.0688,97.2911,-1,60.0361,-1,-1,-1,-1,-1,-1,-1,-1,-1,-1,44.726,49.2749,-1,48.7991,79.3257,57.2032,74.3203,55.8876,56.1716,99.441,57.4906,42.5541,-1,-1,-1,-1,-1,102.255,-1,111.034,-1,-1,-1,-1,75.1158,-1,80.2721,-1,-1,-1,-1,-1,-1,-1,-1,-1,-1,-1,-1,-1,-1,-1,-1,-1,-1,-1,-1,-1,-1,-1,-1,-1,-1,-1,-1,-1,94.1413,-1,103.128,99.2389,-1,-1,-1,-1,-1,-1,-1,-1,-1,-1,-1,-1,-1,-1,-1,-1,-1,-1,-1
79.8793,94.4942,67.9354,64.1017,111.041,104.63,34.3054,78.2579,41.4254,95.9745,61.4697,70.6797,88.9058,117.102,-1,114.708,113.935,52.2273,75.1668,48.7991,-1,50.7148,34.4641,44.4263,33.9745,50.2552,96.6059,86.1052,73.3267,55.7585,103.361,96.0377,115.423,111.925,93.9459,104.52,113.247,-1,145.236,137.412,-1,73.5869,113.905,79.6318,48.508,58.3722,-1,54.2209,-1,-1,-1,69.5193,-1,-1,48.331,-1,-1,-1,91.2003,98.3587,107.677,128.708,-1,-1,-1,79.9417,92.8347,-1,69.0503,75.6158,-1,67.4911,75.7781,80.9834,131.063,106.144,98.794,85.2975,-1,-1,-1,-1,122.304,-1,137.408,-1,-1,-1,-1,-1,-1,-1,-1,-1,-1,-1
73.3377,82.5623,48.8351,82.1127,109.195,100.731,45.075,89.873,55.3443,79.4367,43.8408,60.9944,98.295,113.111,122.799,114.312,119.96,73.0971,89.986,79.3257,50.7148,-1,54.4671,43.0297,54.9591,65.6686,82.0776,100.352,-1,69.1141,109.207,96.1662,97.686,93.0629,68.4425,86.2787,97.9235,-1,-1,-1,-1,69.0504,102.612,70.4939,54.4156,46.0152,-1,44.7966,-1,-1,-1,85.1149,-1,-1,63.1138,-1,-1,-1,99.5541,108.527,-1,136.486,139.574,-1,-1,95.7271,109.93,-1,83.316,87.4611,-1,84.8213,89.5884,99.0065,131.301,120.871,115.254,-1,-1,-1,145.996,-1,129.937,134.409,140.137,-1,-1,-1,-1,-1,-1,-1,-1,-1,-1,-1
78.4512,94.5475,66.5164,69.2789,114.647,107.243,37.6038,79.6549,36.6722,95.1872,60.3168,70.8778,92.3299,117.807,123.149,117.61,116.3,55.0965,78.301,57.2032,34.4641,54.4671,-1,45.337,36.1883,42.8293,98.8025,88.6275,80.4783,51.6114,104.962,95.1671,114.808,110.555,90.0038,103.953,114.473,-1,146.459,139.411,145.41,74.1507,114.45,81.2464,51.6167,57.2632,-1,55.2138,-1,-1,-1,72.7652,124.771,-1,-1,-1,-1,-1,-1,-1,-1,133.833,137.602,132.037,130.576,84.1413,98.0573,-1,-1,-1,-1,-1,-1,85.9864,-1,110.115,104.149,-1,-1,-1,-1,-1,-1,-1,-1,-1,-1,-1,-1,-1,-1,-1,-1,-1,-1,-1
76.6518,94.8737,60.7679,76.9169,114.989,107.479,37.902,91.9041,49.1669,92.436,52.9018,67.2117,104.124,121.699,129.98,120.942,-1,71.1172,92.9541,74.3203,44.4263,43.0297,45.337,-1,48.9997,63.8201,89.7307,101.036,-1,67.6135,-1,103.055,108.689,107.118,83.9831,101.309,110.752,-1,-1,-1,-1,73.0909,111.836,80.033,49.5438,51.4248,-1,42.279,-1,-1,-1,79.8036,-1,-1,55.0289,-1,-1,-1,93.4179,104.247,-1,-1,-1,-1,-1,88.5379,101.494,-1,77.7485,81.6206,-1,79.0106,83.8463,89.6572,131.904,117.302,110.76,-1,-1,-1,-1,-1,123.968,-1,141.542,-1,-1,-1,-1,-1,-1,-1,-1,-1,-1,-1
90.5512,105.149,76.5661,69.606,120.377,115.43,43.8875,88.7908,48.9561,109.087,69.5367,79.7608,98.325,128.611,133.104,126.557,125.173,58.05,80.8092,55.8876,33.9745,54.9591,36.1883,48.9997,-1,57.3624,115.627,93.6014,81.1188,64.7409,114.366,105.825,127.373,121.87,104.363,115.474,125.888,-1,157.493,149.4,-1,83.5986,123.746,91.4231,59.2993,68.4703,-1,61.9153,-1,-1,-1,79.4705,-1,-1,58.3845,-1,-1,-1,96.3966,107.293,-1,-1,-1,-1,-1,88.7473,101.872,-1,78.2568,81.6953,-1,75.4447,85.5375,90.4135,141.914,115.798,109.003,-1,-1,-1,-1,-1,131.942,-1,148.128,-1,-1,-1,-1,-1,-1,-1,-1,-1,-1,-1
69.2995,82.2231,69.7805,63.8505,103.606,99.9513,53.3112,61.8829,43.4896,90.3457,64.6973,67.3414,76.4499,104.833,113.909,106.162,104.768,48.6355,64.1972,56.1716,50.2552,65.6686,42.8293,63.8201,57.3624,-1,93.0559,75.2034,68.6361,43.1693,91.1113,79.3093,109.789,105.963,93.9348,99.5465,105.996,-1,135.868,128.934,135.2,69.7276,107.224,74.7606,52.6253,59.0779,-1,63.5736,-1,-1,-1,75.8307,116.668,-1,-1,102,-1,-1,-1,108.782,109.817,128.034,129.746,122.299,125.143,91.4889,98.8537,98.7939,84.2545,92.6441,86.9447,84.7348,92.241,93.9378,134.999,106.808,102.771,97.3607,-1,-1,-1,-1,134.282,-1,139.218,-1,-1,-1,-1,-1,-1,-1,-1,-1,-1,-1
51.45,54.0683,53.7213,85.0783,64.6238,52.0707,95.2697,83.3611,93.2581,39.919,64.9245,50.4409,78.2138,73.1499,81.6833,72.6731,80.4794,94.5303,82.3576,99.441,96.6059,82.0776,98.8025,89.7307,115.627,93.0559,-1,86.9404,91.0371,86.7324,82.6957,78.3915,54.7496,51.5972,54.5702,56.463,50.1693,71.3696,79.5483,74.7669,75.2512,51.4527,65.27,35.5805,64.0523,48.6161,-1,-1,-1,-1,-1,96.589,87.9309,-1,106.878,-1,-1,-1,119.164,108.341,108.286,106.669,108.614,99.5198,108.195,122.267,112.005,-1,127.169,120.42,-1,124.713,134.097,125.487,104.512,109.413,110.711,121.415,-1,-1,-1,-1,122.927,-1,106.045,-1,-1,-1,-1,-1,-1,-1,-1,-1,-1,-1
-1,65.8603,-1,58.6541,68.253,-1,-1,46.5999,84.9491,-1,89.6527,72.1845,42.664,70.5839,71.4418,63.8738,59.6266,61.0411,35.0324,57.4906,86.1052,100.352,88.6275,101.036,93.6014,75.2034,86.9404,-1,33.4425,68.5704,56.5207,66.1994,96.3628,91.1326,99.476,88.4525,87.2233,-1,108.954,97.1311,-1,68.2681,84.3981,66.6389,64.4886,71.8436,-1,84.2125,-1,-1,-1,74.8319,90.7247,-1,-1,93.6035,-1,-1,-1,-1,95.9793,108.045,109.878,-1,-1,101.379,92.4587,101.038,105.209,112.681,106.45,109.785,113.403,103.117,114.144,94.1768,94.342,102.46,-1,-1,-1,-1,-1,-1,-1,-1,-1,-1,-1,-1,-1,-1,-1,-1,-1,-1
-1,73.6578,-1,54.2321,73.6785,-1,-1,52.2483,-1,-1,-1,74.542,49.0898,80.4543,78.954,72.2804,69.53,55.2531,37.3707,42.5541,73.3267,-1,80.4783,-1,81.1188,68.6361,91.0371,33.4425,-1,63.8896,66.4523,72.6273,102.916,-1,-1,94.1772,-1,-1,115.663,107.171,-1,68.9463,90.3952,70.0815,60.091,71.368,-1,-1,-1,-1,-1,71.0409,93.7831,-1,-1,93.0721,-1,-1,-1,-1,96.1167,-1,-1,-1,-1,96.5131,91.716,98.9728,99.2103,105.966,100.843,100.701,107.72,99.6931,115.738,95.0469,93.6127,99.4858,-1,-1,-1,-1,-1,-1,-1,-1,-1,-1,-1,-1,-1,-1,-1,-1,-1,-1
57.7755,73.3081,-1,61.8129,92.8723,-1,-1,51.8095,44.6684,-1,66.5963,61.0423,66.5059,91.9341,101.375,95.4508,94.5252,50.3986,57.9583,-1,55.7585,69.1141,51.6114,67.6135,64.7409,43.1693,86.7324,68.5704,63.8896,-1,79.8218,65.1276,100.449,97.603,90.025,90.8401,95.2822,-1,126.628,117.905,125.193,63.299,98.6308,67.6578,51.6354,55.2611,-1,63.8063,-1,-1,-1,73.439,109.144,-1,-1,-1,-1,-1,-1,-1,-1,123.955,126.227,117.408,121.067,94.4015,98.6795,-1,87.6782,-1,-1,-1,-1,96.2694,128.391,105.018,101.841,99.303,-1,-1,-1,-1,-1,-1,-1,-1,-1,-1,-1,-1,-1,-1,-1,-1,-1,-1
-1,61.4707,-1,76.0212,62.0858,-1,-1,57.9936,98.3301,-1,96.771,75.6361,50.3305,57.3461,60.5125,55.0462,53.1099,83.3106,60.384,-1,103.361,109.207,104.962,-1,114.366,91.1113,82.6957,56.5207,66.4523,79.8218,-1,55.0772,-1,-1,-1,-1,-1,-1,-1,-1,-1,-1,82.4408,67.6828,-1,-1,-1,-1,-1,-1,-1,-1,-1,-1,-1,-1,-1,-1,-1,-1,106.616,113.336,-1,-1,-1,-1,-1,-1,-1,-1,-1,-1,-1,-1,-1,-1,-1,-1,111.082,112.563,-1,-1,-1,-1,-1,-1,-1,-1,-1,-1,-1,-1,-1,-1,-1,-1
49.5312,49.0302,-1,75.1583,68.3938,-1,-1,52.2691,83.8885,-1,85.5959,64.6832,55.0392,58.2141,75.6743,68.6388,71.1598,77.0207,61.8118,-1,96.0377,96.1662,95.1671,103.055,105.825,79.3093,78.3915,66.1994,72.6273,65.1276,55.0772,-1,79.8455,77.2193,89.7762,71.2352,73.7638,-1,-1,-1,-1,69.1788,83.124,62.3677,72.4392,67.7447,-1,-1,108.776,116.155,-1,-1,-1,-1,-1,-1,-1,-1,-1,117.283,109.121,116.597,-1,-1,-1,-1,-1,-1,-1,-1,-1,-1,-1,-1,-1,-1,-1,-1,113.926,116.048,-1,-1,-1,130.843,-1,-1,-1,-1,-1,-1,-1,-1,-1,-1,-1,-1
58.6974,54.5066,67.3123,99.6368,66.1738,62.0636,107.509,89.7036,-1,50.9034,76.1083,62.1466,-1,67.1472,79.4921,70.2381,80.6476,107.703,95.1079,-1,115.423,97.686,114.808,108.689,127.373,109.789,54.7496,96.3628,102.916,100.449,-1,79.8455,-1,33.3844,66.2594,49.051,36.0323,58.5803,64.36,56.1131,52.3708,71.8534,73.1123,57.0288,84.0586,67.6447,-1,-1,113.282,117.27,-1,-1,99.0828,-1,-1,-1,-1,-1,-1,122.606,-1,118.578,121.304,110.042,118.888,-1,-1,-1,-1,139.826,-1,-1,-1,-1,-1,-1,-1,-1,-1,-1,126.264,-1,137.977,129.781,117.72,-1,-1,125.41,-1,-1,-1,-1,-1,-1,-1,-1
-1,51.3417,64.1432,96.5427,65.8125,59.8151,105.587,86.9926,-1,45.6968,74.6122,57.138,-1,67.2328,79.1047,69.4207,79.8672,104.705,91.5242,-1,111.925,93.0629,110.555,107.118,121.87,105.963,51.5972,91.1326,-1,97.603,-1,77.2193,33.3844,-1,60.4758,47.3396,29.0001,55.3265,60.6875,55.6233,50.0246,67.3506,69.5969,-1,77.6454,62.8471,-1,-1,-1,-1,-1,-1,-1,-1,-1,-1,-1,-1,-1,-1,-1,-1,-1,-1,-1,-1,-1,-1,-1,-1,-1,-1,-1,-1,-1,-1,-1,-1,-1,-1,-1,-1,-1,-1,-1,-1,-1,-1,-1,-1,-1,-1,-1,-1,-1,-1
60.1736,64.952,43.7731,93.6043,90.0808,77.4193,83.3862,91.6615,-1,55.0532,49.9539,52.0953,-1,92.4939,105.358,93.0861,100.587,96.9056,94.1639,102.255,93.9459,68.4425,90.0038,83.9831,104.363,93.9348,54.5702,99.476,-1,90.025,-1,89.7762,66.2594,60.4758,-1,60.5572,64.0016,91.1467,101.493,93.6145,94.6378,61.7554,79.1958,-1,70.3475,48.0528,-1,-1,-1,125.686,-1,106.782,-1,-1,97.4216,-1,-1,-1,126.309,123.54,-1,-1,-1,-1,-1,127.688,126.927,-1,118.929,120.674,-1,117.336,130.467,130.447,125.001,-1,-1,-1,-1,-1,135.21,-1,139.859,136.821,125.809,-1,-1,-1,-1,-1,-1,-1,-1,-1,-1,-1
51.7949,48.1394,56.6941,92.6854,70.3296,65.4611,98.124,82.5126,-1,-1,67.191,53.919,-1,67.3763,82.1738,72.9347,80.6281,99.1929,86.6308,-1,104.52,86.2787,103.953,101.309,115.474,99.5465,56.463,88.4525,94.1772,90.8401,-1,71.2352,49.051,47.3396,60.5572,-1,47.7411,73.8015,80.6332,73.5004,75.354,66.719,74.5046,53.4024,75.6449,-1,-1,-1,113.441,118.539,-1,-1,100.899,-1,-1,-1,-1,-1,-1,121.523,-1,120.013,122.265,112.046,120.451,-1,-1,-1,-1,131.908,-1,-1,-1,-1,-1,-1,-1,-1,-1,122.313,127.051,-1,138.496,131.046,119.686,-1,-1,127.079,-1,-1,-1,-1,-1,-1,-1,-1
54.7199,50.2514,65.6666,92.1679,54.7014,51.7921,109.414,86.9491,-1,44.8381,78.0495,60.0969,-1,59.6129,69.9721,59.9439,71.3363,103.964,89.3753,111.034,113.247,97.9235,114.473,110.752,125.888,105.996,50.1693,87.2233,-1,95.2822,-1,73.7638,36.0323,29.0001,64.0016,47.7411,-1,41.8483,50.135,47.0336,43.1959,68.6059,64.1543,-1,80.4931,65.1758,-1,-1,-1,108.804,-1,103.187,-1,-1,121.677,-1,-1,-1,130.995,113.899,-1,-1,-1,-1,-1,132.272,114.535,-1,138.099,135.931,-1,142.891,148.485,135.011,107.9,-1,-1,-1,-1,-1,114.755,-1,127.917,119.931,107.951,-1,-1,-1,-1,-1,-1,-1,-1,-1,-1,-1
-1,-1,91.6297,-1,54.5275,-1,-1,-1,-1,-1,-1,-1,-1,66.9749,69.3274,57.3262,70.8662,-1,-1,-1,-1,-1,-1,-1,-1,-1,71.3696,-1,-1,-1,-1,-1,58.5803,55.3265,91.1467,73.8015,41.8483,-1,41.5186,45.8989,42.9654,-1,75.8361,69.4547,-1,-1,-1,-1,-1,-1,-1,-1,-1,-1,-1,-1,-1,-1,-1,-1,-1,-1,-1,-1,-1,-1,-1,-1,-1,-1,-1,-1,-1,-1,-1,-1,-1,-1,-1,-1,-1,-1,-1,-1,-1,-1,-1,-1,-1,-1,-1,-1,-1,-1,-1,-1
-1,-1,102.929,114.872,63.1202,-1,142.577,110.61,-1,-1,-1,-1,99.7193,73.9195,71.2064,63.7074,77.0816,133.654,110.98,-1,145.236,-1,146.459,-1,157.493,135.868,79.5483,108.954,115.663,126.628,-1,-1,64.36,60.6875,101.493,80.6332,50.135,41.5186,-1,46.3143,39.6327,-1,87.127,78.2972,110.966,101.304,-1,-1,-1,-1,-1,-1,101.461,-1,-1,-1,-1,-1,-1,-1,-1,120.124,121.871,112.263,121.695,-1,-1,-1,-1,-1,-1,-1,-1,-1,-1,-1,-1,-1,-1,-1,-1,-1,-1,-1,-1,-1,128.545,127.876,138.381,-1,-1,-1,-1,-1,-1,-1
-1,-1,96.163,106.309,56.7259,-1,134.77,100.839,-1,-1,-1,-1,89.61,62.6751,65.6054,54.8943,69.3552,123.315,101.189,-1,137.412,-1,139.411,-1,149.4,128.934,74.7669,97.1311,107.171,117.905,-1,-1,56.1131,55.6233,93.6145,73.5004,47.0336,45.8989,46.3143,-1,41.8839,-1,80.6742,73.0945,103.575,92.5432,-1,-1,-1,-1,-1,-1,96.7657,-1,-1,-1,-1,-1,-1,-1,-1,115.613,118.695,108.856,116.525,-1,-1,-1,-1,-1,-1,-1,-1,-1,-1,-1,-1,-1,-1,-1,124.434,-1,-1,128.953,-1,-1,124.788,122.462,-1,-1,-1,-1,-1,-1,-1,-1
-1,-1,98.1156,-1,67.8288,-1,-1,112.277,-1,-1,-1,-1,-1,74.2414,79.2508,69.1133,82.548,131.251,114.713,-1,-1,-1,145.41,-1,-1,135.2,75.2512,-1,-1,125.193,-1,-1,52.3708,50.0246,94.6378,75.354,43.1959,42.9654,39.6327,41.8839,-1,-1,83.7386,77.7061,108.882,98.6758,-1,-1,-1,-1,-1,-1,103.85,-1,-1,-1,-1,-1,-1,-1,-1,122.099,125.597,-1,122.984,-1,-1,-1,-1,-1,-1,-1,-1,-1,-1,-1,-1,-1,-1,-1,-1,-1,-1,-1,-1,-1,129.738,-1,139.395,-1,-1,-1,-1,-1,-1,-1
-1,-1,41.8368,66.5797,73.1022,-1,70.9114,62.6294,-1,-1,55.817,45.9744,65.4142,77.6108,84.4053,76.5067,79.3703,68.6506,64.2677,75.1158,73.5869,69.0504,74.1507,73.0909,83.5986,69.7276,51.4527,68.2681,68.9463,63.299,-1,69.1788,71.8534,67.3506,61.7554,66.719,68.6059,-1,-1,-1,-1,-1,-1,-1,-1,-1,28.8454,-1,-1,-1,-1,-1,-1,-1,-1,-1,-1,-1,-1,-1,-1,-1,-1,-1,-1,-1,-1,-1,-1,-1,-1,-1,-1,-1,-1,-1,-1,-1,-1,-1,-1,-1,-1,-1,-1,-1,-1,-1,-1,-1,-1,-1,-1,-1,-1,-1
67.7999,67.84,73.6041,85.8203,59.3358,-1,108.069,87.5341,-1,-1,87.3142,70.1872,80.7215,75.786,78.0016,67.8319,76.3212,103.536,87.0802,-1,113.905,102.612,114.45,111.836,123.746,107.224,65.27,84.3981,90.3952,98.6308,82.4408,83.124,73.1123,69.5969,79.1958,74.5046,64.1543,75.8361,87.127,80.6742,83.7386,-1,-1,0,-1,-1,-1,-1,-1,-1,-1,-1,-1,-1,-1,-1,-1,-1,-1,-1,-1,-1,-1,-1,-1,-1,-1,-1,-1,-1,-1,-1,-1,-1,-1,-1,-1,-1,-1,-1,-1,-1,-1,-1,-1,-1,-1,-1,-1,-1,-1,-1,-1,-1,-1,-1
-1,42.4053,-1,66.9048,56.0392,-1,77.3051,62.2803,-1,-1,56.3084,39.9061,61.6713,65.2353,71.5624,63.6183,68.9111,74.0277,65.0342,80.2721,79.6318,70.4939,81.2464,80.033,91.4231,74.7606,35.5805,66.6389,70.0815,67.6578,67.6828,62.3677,57.0288,-1,-1,53.4024,-1,69.4547,78.2972,73.0945,77.7061,-1,0,-1,40.1014,30.5924,-1,-1,-1,-1,-1,-1,-1,-1,-1,-1,-1,-1,-1,-1,-1,-1,-1,-1,-1,-1,-1,-1,-1,-1,-1,-1,-1,-1,-1,-1,-1,-1,-1,-1,-1,-1,-1,-1,-1,-1,-1,-1,-1,-1,-1,-1,-1,-1,-1,-1
-1,-1,-1,49.5465,78.7281,-1,31.8954,59.8909,-1,-1,50.5706,48.597,-1,87.1154,91.6718,84.6565,85.9241,53.3852,58.0694,-1,48.508,54.4156,51.6167,49.5438,59.2993,52.6253,64.0523,64.4886,60.091,51.6354,-1,72.4392,84.0586,77.6454,70.3475,75.6449,80.4931,-1,110.966,103.575,108.882,-1,-1,40.1014,-1,-1,31.2939,-1,-1,-1,-1,-1,91.675,-1,-1,-1,-1,-1,-1,-1,-1,103.776,-1,-1,100.334,-1,-1,-1,-1,-1,-1,-1,-1,-1,-1,-1,-1,-1,-1,-1,-1,-1,-1,-1,-1,-1,-1,-1,-1,-1,-1,-1,-1,-1,-1,-1
-1,-1,-1,64.4639,74.196,-1,51.7162,63.247,50.1375,-1,33.8396,33.5471,67.4918,79.0732,88.8592,80.1661,84.2427,61.7946,64.8785,-1,58.3722,46.0152,57.2632,51.4248,68.4703,59.0779,48.6161,71.8436,71.368,55.2611,-1,67.7447,67.6447,62.8471,48.0528,-1,65.1758,-1,101.304,92.5432,98.6758,-1,-1,30.5924,-1,-1,23.2445,-1,-1,-1,-1,-1,-1,-1,-1,-1,-1,-1,-1,-1,-1,-1,-1,-1,-1,-1,-1,-1,-1,-1,-1,-1,-1,-1,-1,-1,-1,-1,-1,-1,-1,-1,-1,-1,-1,-1,-1,-1,-1,-1,-1,-1,-1,-1,-1,-1
-1,-1,-1,-1,-1,-1,-1,-1,-1,-1,-1,-1,-1,-1,-1,-1,-1,-1,-1,-1,-1,-1,-1,-1,-1,-1,-1,-1,-1,-1,-1,-1,-1,-1,-1,-1,-1,-1,-1,-1,-1,28.8454,-1,-1,31.2939,23.2445,-1,29.5223,-1,-1,-1,-1,-1,-1,-1,-1,-1,-1,-1,-1,-1,-1,-1,-1,-1,-1,-1,-1,-1,-1,-1,-1,-1,-1,-1,-1,-1,-1,-1,-1,-1,-1,-1,-1,-1,-1,-1,-1,-1,-1,-1,-1,-1,-1,-1,-1
-1,-1,-1,67.6165,-1,-1,29.4264,-1,-1,-1,42.7934,49.0183,-1,-1,-1,-1,-1,67.3114,76.8842,-1,54.2209,44.7966,55.2138,42.279,61.9153,63.5736,-1,84.2125,-1,63.8063,-1,-1,-1,-1,-1,-1,-1,-1,-1,-1,-1,-1,-1,-1,-1,-1,29.5223,-1,-1,-1,-1,-1,-1,-1,-1,-1,-1,-1,-1,-1,-1,-1,-1,-1,-1,-1,-1,-1,-1,-1,-1,-1,-1,-1,-1,-1,-1,-1,-1,-1,-1,-1,-1,-1,-1,-1,-1,-1,-1,-1,-1,-1,-1,-1,-1,-1
95.3779,99.3802,-1,-1,-1,-1,-1,-1,-1,-1,-1,102.381,-1,105.895,105.569,-1,-1,-1,-1,-1,-1,-1,-1,-1,-1,-1,-1,-1,-1,-1,-1,108.776,113.282,-1,-1,113.441,-1,-1,-1,-1,-1,-1,-1,-1,-1,-1,-1,-1,-1,33.5335,-1,60.6791,56.2462,51.1457,75.0547,47.1715,-1,-1,54.8544,34.9423,-1,53.753,-1,61.8089,-1,72.2598,59.7267,-1,82.7379,71.0898,79.5517,84.2998,92.2432,69.8616,53.8657,-1,-1,57.2263,-1,-1,61.1421,-1,60.8999,52.3649,53.9882,-1,-1,-1,-1,-1,52.9715,-1,-1,-1,-1,-1
104.22,105.948,-1,-1,-1,-1,-1,-1,-1,-1,-1,111.597,-1,109.658,110.107,-1,-1,-1,-1,-1,-1,-1,-1,-1,-1,-1,-1,-1,-1,-1,-1,116.155,117.27,-1,125.686,118.539,108.804,-1,-1,-1,-1,-1,-1,-1,-1,-1,-1,-1,33.5335,-1,56.9401,76.2637,54.8993,52.9388,90.9084,61.8972,-1,-1,64.941,44.4662,59.9625,47.8396,64.5008,59.7084,64.2755,91.5478,73.3063,-1,99.4378,84.7069,98.3218,100.992,111.043,87.9605,56.7666,68.6325,75.196,75.2135,59.2913,36.2725,57.3951,56.1014,63.236,48.9581,52.5386,-1,-1,-1,-1,-1,60.9367,41.9601,-1,-1,-1,-1
-1,-1,-1,-1,-1,-1,-1,-1,-1,-1,-1,-1,-1,-1,-1,-1,-1,-1,-1,-1,-1,-1,-1,-1,-1,-1,-1,-1,-1,-1,-1,-1,-1,-1,-1,-1,-1,-1,-1,-1,-1,-1,-1,-1,-1,-1,-1,-1,-1,56.9401,-1,71.9113,-1,-1,58.2131,71.5007,56.133,43.8104,33.4916,38.0632,-1,82.9841,-1,-1,-1,77.9475,79.4662,-1,69.9999,54.2807,69.8917,67.9017,80.0395,72.7749,65.72,-1,-1,67.6213,-1,-1,74.6855,71.5108,50.7576,60.4262,69.2453,84.5266,96.1234,94.2835,97.0758,40.94,58.2754,-1,-1,-1,-1,-1
-1,-1,-1,57.0857,84.9623,-1,54.2777,-1,-1,-1,86.5737,82.5397,76.9634,96.7046,101.195,88.9843,92.0144,71.4965,70.7421,-1,69.5193,85.1149,72.7652,79.8036,79.4705,75.8307,96.589,74.8319,71.0409,73.439,-1,-1,-1,-1,106.782,-1,103.187,-1,-1,-1,-1,-1,-1,-1,-1,-1,-1,-1,60.6791,76.2637,71.9113,-1,73.9769,70.7989,53.0404,52.9895,53.313,74.6153,71.9382,65.7585,61.5024,82.209,86.9731,80.5156,78.7674,51.6291,50.4046,51.073,57.4863,69.1166,58.7791,65.5481,64.9554,55.0187,88.4189,56.496,52.1483,55.8568,70.7006,70.9645,101.203,102.335,96.3834,92.0445,96.2158,-1,109.548,107.121,-1,59.1402,68.3468,62.4465,42.5594,57.9673,-1,58.9407
-1,-1,-1,83.7832,70.8517,55.5525,-1,97.0278,-1,-1,-1,95.6427,89.4084,91.3743,90.8692,79.9119,86.8584,108.683,92.0937,-1,-1,-1,124.771,-1,-1,116.668,87.9309,90.7247,93.7831,109.144,-1,-1,99.0828,-1,-1,100.899,-1,-1,101.461,96.7657,103.85,-1,-1,-1,91.675,-1,-1,-1,56.2462,54.8993,-1,73.9769,-1,36.5002,104.341,69.9888,96.0736,57.4279,90.8439,69.6808,60.0137,47.9508,45.5941,37.2294,47.4108,99.9591,73.6066,95.9595,111.714,104.984,111.044,117.476,122.863,100.403,62.4379,66.2102,71.471,89.8648,58.4442,57.2536,61.3973,62.0014,86.8394,68.4465,54.5365,51.3817,57.5208,52.285,69.6082,69.4135,55.345,54.2844,79.7633,74.1303,-1,-1
-1,-1,-1,-1,57.7762,-1,-1,-1,-1,-1,-1,-1,-1,77.0387,77.0887,64.536,74.1759,-1,-1,-1,-1,-1,-1,-1,-1,-1,-1,-1,-1,-1,-1,-1,-1,-1,-1,-1,-1,-1,-1,-1,-1,-1,-1,-1,-1,-1,-1,-1,51.1457,52.9388,-1,70.7989,36.5002,-1,96.4096,-1,-1,-1,80.3176,62.1952,-1,52.1452,54.2053,46.621,55.3337,95.2814,74.7997,-1,106.938,96.0943,108.128,111.879,118.126,97.5757,48.1437,-1,-1,-1,-1,-1,55.9468,55.9273,73.4856,62.9795,47.6565,-1,-1,-1,-1,-1,-1,-1,-1,-1,-1,-1
-1,-1,-1,62.6735,-1,-1,-1,-1,-1,-1,-1,82.1499,-1,-1,-1,-1,-1,-1,-1,-1,48.331,63.1138,-1,55.0289,58.3845,-1,106.878,-1,-1,-1,-1,-1,-1,-1,97.4216,-1,121.677,-1,-1,-1,-1,-1,-1,-1,-1,-1,-1,-1,75.0547,90.9084,58.2131,53.0404,104.341,96.4096,-1,-1,-1,80.2858,49.0781,63.6531,-1,109.916,-1,-1,113.043,55.6043,75.0776,65.5239,38.3854,38.8429,41.2783,32.0192,47.9876,53.2798,100.905,90.4306,-1,57.6944,-1,-1,112.292,111.208,86.8601,95.8592,110.155,-1,133.76,130.438,-1,67.7,85.9781,73.7863,31.8041,43.0314,-1,24.1521
-1,-1,-1,-1,92.3623,-1,-1,-1,-1,-1,-1,-1,-1,108.645,109.157,98.2108,104.164,96.5417,92.0025,-1,-1,-1,-1,-1,-1,102,-1,93.6035,93.0721,-1,-1,-1,-1,-1,-1,-1,-1,-1,-1,-1,-1,-1,-1,-1,-1,-1,-1,-1,47.1715,61.8972,71.5007,52.9895,69.9888,-1,-1,-1,-1,-1,-1,58.478,44.3401,67.5481,78.1719,74.312,70.698,59.4754,43.1912,-1,-1,84.4921,77.2516,88.0439,86.8204,56.8125,86.2218,44.5206,47.7465,49.146,55.1543,49.7145,91.7333,91.3027,89.4594,81.6549,86.1011,-1,101.141,96.7754,110.675,56.9934,69.9116,57.3755,56.2504,57.5755,-1,-1
-1,-1,-1,-1,-1,-1,-1,-1,-1,-1,-1,-1,-1,-1,-1,-1,-1,-1,-1,-1,-1,-1,-1,-1,-1,-1,-1,-1,-1,-1,-1,-1,-1,-1,-1,-1,-1,-1,-1,-1,-1,-1,-1,-1,-1,-1,-1,-1,-1,-1,56.133,53.313,96.0736,-1,-1,-1,-1,-1,49.3306,55.8795,-1,97.1178,-1,-1,-1,48.9493,66.2616,-1,42.4048,46.1036,36.482,39.9842,48.4962,39.3728,94.8287,81.9716,-1,40.5779,88.9393,77.9456,-1,-1,-1,-1,-1,-1,-1,-1,-1,57.8864,-1,64.4965,-1,40.7505,-1,-1
-1,-1,-1,-1,-1,-1,-1,-1,-1,-1,-1,-1,-1,-1,-1,-1,-1,-1,-1,-1,-1,-1,-1,-1,-1,-1,-1,-1,-1,-1,-1,-1,-1,-1,-1,-1,-1,-1,-1,-1,-1,-1,-1,-1,-1,-1,-1,-1,-1,-1,43.8104,74.6153,57.4279,-1,80.2858,-1,-1,-1,52.654,41.0165,-1,62.7341,-1,68.0595,73.5661,88.8329,-1,-1,91.1727,70.9294,91.896,89.7706,101.91,86.8382,43.2867,-1,-1,-1,-1,-1,54.8056,50.1721,50.982,-1,48.283,-1,69.1639,-1,-1,-1,-1,-1,-1,-1,-1,-1
-1,-1,-1,92.7603,-1,-1,-1,-1,-1,-1,-1,112.291,-1,133.556,134.497,-1,-1,-1,-1,-1,91.2003,99.5541,-1,93.4179,96.3966,-1,119.164,-1,-1,-1,-1,-1,-1,-1,126.309,-1,130.995,-1,-1,-1,-1,-1,-1,-1,-1,-1,-1,-1,54.8544,64.941,33.4916,71.9382,90.8439,80.3176,49.0781,-1,49.3306,52.654,-1,42.4148,88.091,92.5047,103.701,99.4678,103.293,75.5999,84.1371,-1,63.0456,44.9297,62.3115,56.7134,77.7242,68.8411,76.681,92.7033,-1,66.9798,92.7805,75.58,85.5849,79.369,54.6801,66.8999,79.9676,-1,-1,-1,-1,56.039,72.4962,54.4777,-1,33.6684,-1,47.3957
103.335,109.561,-1,87.1402,98.5472,-1,79.2638,-1,-1,-1,112.08,107.945,-1,116.934,116.728,105.868,112.711,105.062,103.457,-1,98.3587,108.527,-1,104.247,107.293,108.782,108.341,-1,-1,-1,-1,117.283,122.606,-1,123.54,121.523,113.899,-1,-1,-1,-1,-1,-1,-1,-1,-1,-1,-1,34.9423,44.4662,38.0632,65.7585,69.6808,62.1952,63.6531,58.478,55.8795,41.0165,42.4148,-1,67.0664,69.5836,81.9736,78.5403,80.874,73.408,68.8552,-1,73.4737,59.0317,73.205,73.2659,83.7192,67.7226,61.5972,73.4035,76.0385,60.1674,71.0337,53.4539,69.3421,66.2069,56.8731,56.4476,63.2699,-1,-1,-1,-1,43.6331,58.3267,38.7464,50.2471,32.4308,-1,50.5586
-1,-1,-1,82.9206,89.637,-1,-1,-1,-1,-1,-1,-1,97.7978,107.779,108.406,96.716,103.012,-1,-1,-1,107.677,-1,-1,-1,-1,109.817,108.286,95.9793,96.1167,-1,106.616,109.121,-1,-1,-1,-1,-1,-1,-1,-1,-1,-1,-1,-1,-1,-1,-1,-1,-1,59.9625,-1,61.5024,60.0137,-1,-1,44.3401,-1,-1,88.091,67.0664,-1,59.9835,64.2772,60.96,56.388,77.0577,48.8988,-1,95.3722,97.2401,94.3089,102.015,102.664,78.8102,84.808,40.2963,46.6936,66.9991,45.2214,53.7066,-1,-1,-1,-1,-1,-1,-1,-1,-1,64.7031,68.9858,59.579,-1,69.133,-1,-1
105.123,106.878,-1,98.3217,89.8839,73.5124,-1,113.285,-1,-1,130.625,114.323,107.858,109.119,110.557,98.2847,106.107,121.526,108.219,-1,128.708,136.486,133.833,-1,-1,128.034,106.669,108.045,-1,123.955,113.336,116.597,118.578,-1,-1,120.013,-1,-1,120.124,115.613,122.099,-1,-1,-1,103.776,-1,-1,-1,53.753,47.8396,82.9841,82.209,47.9508,52.1452,109.916,67.5481,97.1178,62.7341,92.5047,69.5836,59.9835,-1,48.5561,45.492,50.5922,102.914,76.8584,-1,116.188,108.395,114.538,121.106,126.647,100.675,71.5776,67.5698,75.6312,87.0062,55.1656,47.303,63.85,67.3652,88.7868,65.3395,59.6075,60.5468,66.3284,58.8727,74.8285,72.8815,68.8802,60.8715,85.1778,77.4005,-1,-1
106.887,109.138,-1,99.1769,91.3576,76.5588,-1,114.376,-1,-1,133.782,115.237,109.003,111.483,111.508,100.485,108.108,124.388,109.605,-1,-1,139.574,137.602,-1,-1,129.746,108.614,109.878,-1,126.227,-1,-1,121.304,-1,-1,122.265,-1,-1,121.871,118.695,125.597,-1,-1,-1,-1,-1,-1,-1,-1,64.5008,-1,86.9731,45.5941,54.2053,-1,78.1719,-1,-1,103.701,81.9736,64.2772,48.5561,-1,35.9356,39.9167,113.123,79.7091,-1,-1,120.434,124.966,128.754,134.546,112.388,79.5885,68.2585,77.9254,100.649,58.1656,66.1569,76.5039,76.9369,103.527,81.0244,68.2796,65.5479,65.5035,62.2615,79.183,82.1951,72.286,69.0126,92.4,88.1715,-1,-1
-1,-1,-1,94.4562,82.3256,67.7547,-1,107.22,-1,-1,-1,107.253,100.637,102.095,102.56,90.6999,98.2972,116.52,102.385,-1,-1,-1,132.037,-1,-1,122.299,99.5198,-1,-1,117.408,-1,-1,110.042,-1,-1,112.046,-1,-1,112.263,108.856,-1,-1,-1,-1,-1,-1,-1,-1,61.8089,59.7084,-1,80.5156,37.2294,46.621,-1,74.312,-1,68.0595,99.4678,78.5403,60.96,45.492,35.9356,-1,33.5396,105.537,76.1152,-1,119.659,114.204,118.579,122.277,129.175,105.614,73.7473,64.2519,73.1177,94.8761,55.5878,62.0151,70.8054,72.6413,97.1809,76.4797,64.4301,61.5837,62.1029,58.4123,75.4891,75.7213,65.1134,63.4303,86.9957,82.0886,-1,-1
-1,-1,-1,95.7379,90.1228,73.7176,-1,110.639,-1,-1,-1,113.133,105.167,108.762,109.862,98.1708,105.034,118.475,106,-1,-1,-1,130.576,-1,-1,125.143,108.195,-1,-1,121.067,-1,-1,118.888,-1,-1,120.451,-1,-1,121.695,116.525,122.984,-1,-1,-1,100.334,-1,-1,-1,-1,64.2755,-1,78.7674,47.4108,55.3337,113.043,70.698,-1,73.5661,103.293,80.874,56.388,50.5922,39.9167,33.5396,-1,103.309,69.7564,-1,119.427,116.93,118.862,-1,127.524,106.125,81.5746,59.9629,65.4269,94.5233,50.6122,63.7487,79.9043,83.0933,104.348,82.7438,74.9877,72.2178,76.1216,68.0801,88.11,77.2424,72.4538,68.0181,86.146,85.6824,-1,-1
-1,-1,-1,78.3584,112.062,-1,-1,101.268,-1,-1,-1,107.218,-1,125.676,128.462,118.142,119.992,91.3365,95.9569,-1,79.9417,95.7271,84.1413,88.5379,88.7473,91.4889,122.267,101.379,96.5131,94.4015,-1,-1,-1,-1,127.688,-1,132.272,-1,-1,-1,-1,-1,-1,-1,-1,-1,-1,-1,72.2598,91.5478,77.9475,51.6291,99.9591,95.2814,55.6043,59.4754,48.9493,88.8329,75.5999,73.408,77.0577,102.914,113.123,105.537,103.309,-1,54.7015,42.9386,50.0303,68.8212,48.3461,59.8146,52.2113,47.219,109.99,71.4658,64.9178,54.048,89.5839,85.7705,119.284,120.592,104.543,106.471,115.763,-1,132.493,128.876,138.703,71.2183,86.5796,76.092,52.8884,63.6619,-1,66.3382
-1,-1,-1,75.8083,94.4023,-1,-1,96.4168,-1,-1,-1,104.643,-1,110.224,111.419,100.586,104.873,93.7112,91.5343,-1,92.8347,109.93,98.0573,101.494,101.872,98.8537,112.005,92.4587,91.716,98.6795,-1,-1,-1,-1,126.927,-1,114.535,-1,-1,-1,-1,-1,-1,-1,-1,-1,-1,-1,59.7267,73.3063,79.4662,50.4046,73.6066,74.7997,75.0776,43.1912,66.2616,-1,84.1371,68.8552,48.8988,76.8584,79.7091,76.1152,69.7564,54.7015,-1,45.0374,76.304,86.3278,75.6259,85.162,79.9869,61.918,93.4856,36.9921,39.1274,60.4525,60.8176,65.7606,101.519,104.98,101.649,92.5763,96.6291,-1,109.137,104.429,119.488,64.3846,73.3482,65.5308,58.1943,65.7063,-1,74.7769
-1,-1,-1,-1,-1,-1,-1,-1,-1,-1,-1,-1,-1,-1,-1,-1,-1,-1,-1,-1,-1,-1,-1,-1,-1,98.7939,-1,101.038,98.9728,-1,-1,-1,-1,-1,-1,-1,-1,-1,-1,-1,-1,-1,-1,-1,-1,-1,-1,-1,-1,-1,-1,51.073,95.9595,-1,65.5239,-1,-1,-1,-1,-1,-1,-1,-1,-1,-1,42.9386,45.0374,-1,58.6688,78.8116,60.8376,71.5921,62.3714,57.5313,112.027,64.6831,50.3645,-1,-1,-1,-1,-1,110.085,110.034,115.897,-1,-1,-1,-1,74.7906,-1,78.5005,-1,-1,-1,-1
-1,-1,-1,79.487,-1,-1,49.8595,-1,-1,-1,90.221,102.348,108.205,133.854,-1,-1,-1,84.0496,97.4397,-1,69.0503,83.316,-1,77.7485,78.2568,84.2545,127.169,105.209,99.2103,87.6782,-1,-1,-1,-1,118.929,-1,138.099,-1,-1,-1,-1,-1,-1,-1,-1,-1,-1,-1,82.7379,99.4378,69.9999,57.4863,111.714,106.938,38.3854,-1,42.4048,91.1727,63.0456,73.4737,95.3722,116.188,-1,119.659,119.427,50.0303,76.304,58.6688,-1,48.5736,36.7268,32.3771,37.6378,52.6212,114.974,92.7742,83.882,59.2842,105.763,98.5695,125.402,122.163,101.527,108.146,118.755,-1,142.22,139.985,-1,74.9938,91.6172,81.4709,51.1106,58.3011,-1,51.2278
-1,-1,-1,85.897,-1,-1,56.823,-1,-1,-1,100.897,105.482,-1,136.938,141.397,-1,-1,91.95,105.888,-1,75.6158,87.4611,-1,81.6206,81.6953,92.6441,120.42,112.681,105.966,-1,-1,-1,139.826,-1,120.674,131.908,135.931,-1,-1,-1,-1,-1,-1,-1,-1,-1,-1,-1,71.0898,84.7069,54.2807,69.1166,104.984,96.0943,38.8429,84.4921,46.1036,70.9294,44.9297,59.0317,97.2401,108.395,120.434,114.204,116.93,68.8212,86.3278,78.8116,48.5736,-1,50.0066,41.4269,56.0141,62.3466,96.9351,99.3383,-1,66.5126,106.258,91.4335,104.946,103.132,76.4214,87.8456,103.182,-1,-1,-1,-1,67.3825,84.2805,70.7976,-1,43.9653,-1,42.3456
-1,-1,-1,81.4096,123.203,-1,-1,-1,-1,-1,-1,-1,-1,136.656,139.324,128.518,129.568,87.771,99.7475,-1,-1,-1,-1,-1,-1,86.9447,-1,106.45,100.843,-1,-1,-1,-1,-1,-1,-1,-1,-1,-1,-1,-1,-1,-1,-1,-1,-1,-1,-1,79.5517,98.3218,69.8917,58.7791,111.044,108.128,41.2783,77.2516,36.482,91.896,62.3115,73.205,94.3089,114.538,124.966,118.579,118.862,48.3461,75.6259,60.8376,36.7268,50.0066,-1,34.3175,36.8979,43.1022,112.346,92.4661,84.9619,52.3324,103.98,94.6227,123.355,122.161,102.926,106.89,117.615,-1,142.737,138.872,145.333,74.5395,92.9456,81.2199,53.3937,57.5946,-1,54.152
-1,-1,-1,80.2709,-1,-1,48.2536,-1,-1,-1,89.1391,100.455,-1,-1,-1,-1,-1,86.0001,99.9445,-1,67.4911,84.8213,-1,79.0106,75.4447,84.7348,124.713,109.785,100.701,-1,-1,-1,-1,-1,117.336,-1,142.891,-1,-1,-1,-1,-1,-1,-1,-1,-1,-1,-1,84.2998,100.992,67.9017,65.5481,117.476,111.879,32.0192,88.0439,39.9842,89.7706,56.7134,73.2659,102.015,121.106,128.754,122.277,-1,59.8146,85.162,71.5921,32.3771,41.4269,34.3175,-1,39.3801,56.1752,114.418,102.885,-1,62.4378,113.521,100.506,124.049,122.674,94.1006,105.391,121.364,-1,-1,-1,-1,76.5249,94.9881,83.2662,50.5886,54.339,-1,43.748
-1,-1,-1,88.4881,-1,-1,60.0236,-1,-1,-1,101.266,110.628,-1,-1,-1,-1,-1,92.2483,106.027,-1,75.7781,89.5884,-1,83.8463,85.5375,92.241,134.097,113.403,107.72,-1,-1,-1,-1,-1,130.467,-1,148.485,-1,-1,-1,-1,-1,-1,-1,-1,-1,-1,-1,92.2432,111.043,80.0395,64.9554,122.863,118.126,47.9876,86.8204,48.4962,101.91,77.7242,83.7192,102.664,126.647,134.546,129.175,127.524,52.2113,79.9869,62.3714,37.6378,56.0141,36.8979,39.3801,-1,55.2077,123.479,99.3066,89.5681,64.9236,113.025,106.54,135.543,135.415,112.85,118.667,130.744,-1,153.001,150.714,157.338,84.8985,99.5297,91.9583,62.8724,68.6725,-1,61.336
-1,-1,-1,80.6358,115.227,-1,-1,104.863,-1,-1,-1,110.448,107.514,128.673,130.902,120.185,121.766,92.4566,98.6883,94.1413,80.9834,99.0065,85.9864,89.6572,90.4135,93.9378,125.487,103.117,99.6931,96.2694,-1,-1,-1,-1,130.447,-1,135.011,-1,-1,-1,-1,-1,-1,-1,-1,-1,-1,-1,69.8616,87.9605,72.7749,55.0187,100.403,97.5757,53.2798,56.8125,39.3728,86.8382,68.8411,67.7226,78.8102,100.675,112.388,105.614,106.125,47.219,61.918,57.5313,52.6212,62.3466,43.1022,56.1752,55.2077,-1,103.552,76.8602,72.7817,42.7492,87.3104,82.3991,114.675,114.971,101.383,101.345,110.823,-1,129.943,126.277,135.435,68.3372,85.7667,74.043,53.0113,58.1139,-1,61.2835
-1,-1,-1,104.453,92.8278,-1,110.893,-1,-1,-1,126.432,112.083,112.697,112.587,113.105,101.38,110.694,126.899,113.109,-1,131.063,131.301,-1,131.904,141.914,134.999,104.512,114.144,115.738,128.391,-1,-1,-1,-1,125.001,-1,107.9,-1,-1,-1,-1,-1,-1,-1,-1,-1,-1,-1,53.8657,56.7666,65.72,88.4189,62.4379,48.1437,100.905,86.2218,94.8287,43.2867,76.681,61.5972,84.808,71.5776,79.5885,73.7473,81.5746,109.99,93.4856,112.027,114.974,96.9351,112.346,114.418,123.479,103.552,-1,92.3251,95.7409,95.4557,84.9152,68.6919,60.3307,50.7349,60.7912,63.2915,49.8712,59.6515,70.8123,70.458,70.5985,55.2187,59.9948,43.8728,80.2984,63.21,-1,-1
